Tsys	Out1	Ou2	In1	In2	In3	In4	In5	In6
2362.42077	7.66364	1.68724	-90	5099.35795	4.46604	3.5563E-4	0.00112	0.00112
5962.07691	8.39095	1.68731	-90	5100.97968	8.07564	4.26832E-4	4.05246E-4	4.05246E-4
9561.85409	8.67365	1.68735	-90	5102.47173	11.21727	4.04447E-4	-3.53454E-5	-3.53454E-5
13161.83265	8.46233	1.68744	-90	5103.83133	14.14074	3.6739E-4	5.54893E-4	5.54893E-4
16761.45287	9.25582	1.68747	-90	5105.14095	17.00533	3.53106E-4	0.00105	0.00105
20361.34101	9.17518	1.68751	-90	5106.44036	19.84573	3.58712E-4	4.96643E-4	4.96643E-4
23961.20605	9.16465	1.68763	-90	5107.746	22.72504	3.45785E-4	0.0014	0.0014
27561.16745	8.83892	1.68762	-90	5109.04849	25.58858	3.33925E-4	9.08237E-5	9.08237E-5
31161.17017	8.30205	1.68772	-90	5110.34054	28.43319	3.56191E-4	8.93294E-4	8.93294E-4
34760.94292	8.52628	1.68773	-90	5111.62272	31.27375	3.82052E-4	5.41933E-4	5.41933E-4
38360.94078	8.05349	1.68784	-90	5112.89864	34.08435	3.57791E-4	7.47059E-4	7.47059E-4
41960.78591	7.93733	1.68788	-90	5114.16861	36.90738	3.48584E-4	9.90242E-4	9.90242E-4
45560.60909	7.94716	1.68786	-90	5115.43246	39.7158	3.4225E-4	0.00121	0.00121
49160.46292	7.81743	1.68801	-90	5116.68066	42.50545	3.50248E-4	0.00132	0.00132
2412.44988	7.56454	1.68734	-87.5	5099.37744	4.52111	3.69072E-4	8.68218E-4	8.68218E-4
6012.09261	8.41005	1.68744	-87.5	5101.00197	8.12329	4.25476E-4	8.96288E-4	8.96288E-4
9611.87316	8.64483	1.68744	-87.5	5102.49121	11.26485	3.89417E-4	2.43036E-4	2.43036E-4
13211.81971	8.49752	1.68754	-87.5	5103.84962	14.18902	3.67695E-4	8.32442E-4	8.32442E-4
16811.43152	9.29652	1.68755	-87.5	5105.15887	17.04495	3.44067E-4	9.3898E-4	9.3898E-4
20411.34389	9.14154	1.68762	-87.5	5106.45829	19.88544	3.55871E-4	5.87976E-4	5.87976E-4
24011.24144	9.02848	1.68774	-87.5	5107.7641	22.767	3.46569E-4	5.68792E-4	5.68792E-4
27611.1655	8.81599	1.68772	-87.5	5109.06633	25.62943	3.56216E-4	6.49497E-4	6.49497E-4
31211.16801	8.31527	1.68784	-87.5	5110.35837	28.4734	3.48607E-4	8.8712E-4	8.8712E-4
34810.96166	8.44814	1.68781	-87.5	5111.64054	31.3106	3.72493E-4	3.69588E-4	3.69588E-4
38410.95695	7.98277	1.68796	-87.5	5112.91639	34.1225	3.51927E-4	4.36331E-4	4.36331E-4
42010.80142	7.88379	1.6879	-87.5	5114.18598	36.94403	3.58772E-4	0.00145	0.00145
45610.58808	8.01033	1.68792	-87.5	5115.44995	39.75648	3.56832E-4	7.81427E-4	7.81427E-4
49210.42464	7.9258	1.68809	-87.5	5116.6983	42.54155	3.62362E-4	0.00105	0.00105
2462.47769	7.46919	1.68742	-85	5099.39696	4.57663	3.8421E-4	5.94509E-4	5.94509E-4
6062.10598	8.44127	1.6875	-85	5101.02425	8.17071	4.24927E-4	0.00144	0.00144
9661.89416	8.61435	1.6875	-85	5102.51068	11.3135	3.73538E-4	6.02431E-4	6.02431E-4
13261.80667	8.53323	1.68759	-85	5103.86789	14.23832	3.6809E-4	0.00107	0.00107
16861.41319	9.32925	1.68761	-85	5105.1768	17.08456	3.35465E-4	8.42798E-4	8.42798E-4
20461.34687	9.10707	1.68769	-85	5106.4762	19.92581	3.51541E-4	6.79682E-4	6.79682E-4
24061.27932	8.88308	1.68778	-85	5107.78221	22.80879	3.48093E-4	-3.27693E-4	-3.27693E-4
27661.16533	8.78666	1.68778	-85	5109.08418	25.67037	3.81261E-4	0.00125	0.00125
31261.1665	8.32877	1.68789	-85	5110.37623	28.51398	3.40042E-4	8.73608E-4	8.73608E-4
34860.97886	8.37353	1.68786	-85	5111.65835	31.34711	3.62085E-4	1.84887E-4	1.84887E-4
38460.97364	7.91022	1.68801	-85	5112.93416	34.16071	3.46393E-4	1.23618E-4	1.23618E-4
42060.81849	7.82743	1.68796	-85	5114.20335	36.98057	3.69784E-4	0.00194	0.00194
45660.56695	8.0737	1.68795	-85	5115.46744	39.79753	3.73332E-4	3.30403E-4	3.30403E-4
49260.38591	8.03505	1.68812	-85	5116.71595	42.57738	3.7541E-4	7.36891E-4	7.36891E-4
2512.50858	7.36807	1.68737	-82.5	5099.41692	4.62217	3.75675E-4	0.001	0.001
6112.07901	8.44012	1.68748	-82.5	5101.04618	8.21356	4.38629E-4	9.75878E-4	9.75878E-4
9711.87502	8.65981	1.68746	-82.5	5102.53014	11.35428	3.7712E-4	6.11459E-4	6.11459E-4
13311.79793	8.53901	1.68756	-82.5	5103.8863	14.27828	3.6369E-4	9.96442E-4	9.96442E-4
16911.40528	9.34709	1.68758	-82.5	5105.19488	17.1243	3.64465E-4	5.96238E-4	5.96238E-4
20511.36144	9.05801	1.68766	-82.5	5106.49418	19.96409	3.60275E-4	0.00132	0.00132
24111.29988	8.82141	1.68772	-82.5	5107.80039	22.84181	3.58592E-4	-1.87304E-4	-1.87304E-4
27711.17807	8.74254	1.68773	-82.5	5109.10233	25.70244	3.77118E-4	0.00126	0.00126
31311.16197	8.3306	1.68784	-82.5	5110.39414	28.55184	3.49122E-4	4.02038E-4	4.02038E-4
34910.99695	8.2978	1.68782	-82.5	5111.67598	31.38868	3.61845E-4	5.43669E-5	5.43669E-5
38510.98198	7.86357	1.68799	-82.5	5112.9517	34.20039	3.50914E-4	4.70685E-4	4.70685E-4
42110.82716	7.77046	1.68787	-82.5	5114.221	37.0175	3.5843E-4	0.00117	0.00117
45710.54486	8.11191	1.6879	-82.5	5115.48499	39.83608	3.64014E-4	1.23585E-4	1.23585E-4
49310.35855	8.10863	1.68809	-82.5	5116.7332	42.61382	3.4001E-4	6.61992E-4	6.61992E-4
2562.53964	7.26664	1.6873	-80	5099.4369	4.66719	3.65884E-4	0.00145	0.00145
6162.04966	8.43706	1.68739	-80	5101.0681	8.25614	4.53174E-4	4.5124E-4	4.5124E-4
9761.85341	8.70993	1.68739	-80	5102.5496	11.39457	3.81898E-4	5.98959E-4	5.98959E-4
13361.78944	8.54296	1.68749	-80	5103.90472	14.31768	3.58999E-4	9.00581E-4	9.00581E-4
16961.39807	9.36392	1.68753	-80	5105.21298	17.16405	3.95979E-4	3.39627E-4	3.39627E-4
20561.37677	9.00799	1.68758	-80	5106.51218	20.00223	3.6986E-4	0.00201	0.00201
24161.31935	8.76506	1.68763	-80	5107.81857	22.87426	3.6966E-4	1.89841E-5	1.89841E-5
27761.19164	8.69749	1.68765	-80	5109.12051	25.73394	3.7114E-4	0.00123	0.00123
31361.15725	8.33174	1.68774	-80	5110.41206	28.58953	3.5925E-4	-9.67348E-5	-9.67348E-5
34961.01509	8.222	1.68774	-80	5111.6936	31.43055	3.62216E-4	-7.29033E-5	-7.29033E-5
38560.98984	7.81837	1.68789	-80	5112.96923	34.24016	3.56001E-4	8.54893E-4	8.54893E-4
42160.83537	7.71347	1.68777	-80	5114.23866	37.05445	3.4583E-4	3.37441E-4	3.37441E-4
45760.5227	8.14868	1.68782	-80	5115.50254	39.87448	3.53213E-4	-6.92199E-5	-6.92199E-5
49360.33183	8.18017	1.68799	-80	5116.75043	42.65031	3.01839E-4	6.00749E-4	6.00749E-4
2612.56403	7.17047	1.68713	-77.5	5099.45727	4.72304	3.91907E-4	0.00121	0.00121
6212.04459	8.45107	1.68724	-77.5	5101.09024	8.29966	4.37569E-4	2.58835E-4	2.58835E-4
9811.8419	8.72961	1.68723	-77.5	5102.56898	11.44014	3.85538E-4	8.43725E-4	8.43725E-4
13411.77921	8.56698	1.68731	-77.5	5103.92298	14.35568	3.51741E-4	0.00114	0.00114
17011.40353	9.2676	1.68734	-77.5	5105.23099	17.20462	3.7422E-4	6.28096E-4	6.28096E-4
20611.40339	8.9195	1.68742	-77.5	5106.53026	20.05012	3.66427E-4	0.00166	0.00166
24211.3364	8.69823	1.68749	-77.5	5107.83683	22.91496	3.72793E-4	5.62353E-4	5.62353E-4
27811.20344	8.66592	1.6875	-77.5	5109.13843	25.77461	3.62102E-4	0.00113	0.00113
31411.16375	8.28257	1.68756	-77.5	5110.42981	28.63071	3.56939E-4	4.55168E-4	4.55168E-4
35011.04765	8.16014	1.68753	-77.5	5111.71128	31.46325	3.54709E-4	4.19193E-4	4.19193E-4
38610.99878	7.83051	1.68771	-77.5	5112.98682	34.28077	3.48018E-4	4.47539E-4	4.47539E-4
42210.86684	7.63948	1.68763	-77.5	5114.25631	37.0982	3.27168E-4	3.32232E-4	3.32232E-4
45810.49622	8.22397	1.68766	-77.5	5115.52014	39.91121	3.65321E-4	6.94679E-4	6.94679E-4
49410.30491	8.27837	1.68784	-77.5	5116.7675	42.69021	3.12717E-4	4.4083E-4	4.4083E-4
2662.58806	7.07457	1.68695	-75	5099.47766	4.77945	4.19782E-4	9.45991E-4	9.45991E-4
6262.04099	8.46611	1.68704	-75	5101.1124	8.34325	4.20147E-4	8.64502E-5	8.64502E-5
9861.83102	8.74739	1.68703	-75	5102.58835	11.48604	3.89107E-4	0.0011	0.0011
13461.76887	8.59223	1.68711	-75	5103.94123	14.39359	3.44325E-4	0.00139	0.00139
17061.40985	9.1637	1.68711	-75	5105.24899	17.24524	3.48888E-4	9.53115E-4	9.53115E-4
20661.43075	8.82852	1.68724	-75	5106.54835	20.09864	3.62154E-4	0.00124	0.00124
24261.35331	8.63074	1.68729	-75	5107.85509	22.95618	3.75427E-4	0.00113	0.00113
27861.21513	8.6352	1.68731	-75	5109.15634	25.81584	3.52875E-4	0.00102	0.00102
31461.17091	8.2304	1.68733	-75	5110.44755	28.6721	3.53888E-4	0.00107	0.00107
35061.08106	8.09909	1.6873	-75	5111.72897	31.4954	3.46739E-4	9.47797E-4	9.47797E-4
38661.00777	7.84584	1.68744	-75	5113.00441	34.32142	3.39308E-4	-3.91914E-6	-3.91914E-6
42260.89961	7.56455	1.68748	-75	5114.27397	37.14234	3.08171E-4	3.7292E-4	3.7292E-4
45860.46949	8.30149	1.68749	-75	5115.53774	39.94783	3.78761E-4	0.00151	0.00151
49460.27798	8.37812	1.68762	-75	5116.78455	42.73032	3.26448E-4	2.75172E-4	2.75172E-4
2712.61347	6.99456	1.68671	-72.5	5099.49886	4.83131	4.28503E-4	0.0011	0.0011
6312.03963	8.47223	1.68675	-72.5	5101.1341	8.3907	4.43198E-4	4.2946E-4	4.2946E-4
9911.84519	8.70767	1.68678	-72.5	5102.60775	11.52446	4.0209E-4	5.7411E-4	5.7411E-4
13511.75536	8.66877	1.68687	-72.5	5103.95961	14.43016	3.54008E-4	5.10145E-4	5.10145E-4
17111.43175	9.1557	1.68687	-72.5	5105.2672	17.27683	3.65503E-4	7.22421E-4	7.22421E-4
20711.42781	8.82525	1.68698	-72.5	5106.56653	20.13554	3.60905E-4	5.93829E-4	5.93829E-4
24311.37815	8.53613	1.68703	-72.5	5107.87325	23.00002	3.69843E-4	0.00165	0.00165
27911.23295	8.54879	1.68703	-72.5	5109.17436	25.86051	3.58924E-4	0.00106	0.00106
31511.18624	8.20108	1.68703	-72.5	5110.4655	28.71044	3.61886E-4	0.00122	0.00122
35111.09397	8.047	1.68704	-72.5	5111.74683	31.52688	3.51086E-4	1.86942E-4	1.86942E-4
38711.00586	7.78935	1.68709	-72.5	5113.02197	34.3543	3.39404E-4	4.79818E-4	4.79818E-4
42310.91119	7.53116	1.68717	-72.5	5114.2913	37.17515	3.23411E-4	5.34541E-4	5.34541E-4
45910.45546	8.34597	1.68726	-72.5	5115.55529	39.98263	3.6803E-4	0.00115	0.00115
49510.23411	8.46148	1.68732	-72.5	5116.80202	42.7787	3.46849E-4	7.41213E-4	7.41213E-4
2762.63895	6.91535	1.68648	-70	5099.52009	4.88294	4.36259E-4	0.00128	0.00128
6362.03841	8.47781	1.68651	-70	5101.15578	8.43838	4.68695E-4	8.03612E-4	8.03612E-4
9961.86092	8.66436	1.68655	-70	5102.62715	11.56242	4.15664E-4	-5.89827E-6	-5.89827E-6
13561.74165	8.74845	1.68658	-70	5103.97799	14.46664	3.64741E-4	-4.42164E-4	-4.42164E-4
17161.4547	9.15411	1.68662	-70	5105.28542	17.30781	3.84918E-4	4.54624E-4	4.54624E-4
20761.42295	8.82752	1.68665	-70	5106.58472	20.17171	3.59847E-4	-6.50672E-5	-6.50672E-5
24361.40349	8.43984	1.68667	-70	5107.89141	23.04402	3.6375E-4	0.00217	0.00217
27961.25115	8.45895	1.6867	-70	5109.19239	25.90539	3.65915E-4	0.0011	0.0011
31561.20205	8.1731	1.68673	-70	5110.48346	28.7486	3.70537E-4	0.00134	0.00134
35161.1057	7.99542	1.68679	-70	5111.76471	31.55831	3.56141E-4	-6.47989E-4	-6.47989E-4
38761.00335	7.72889	1.68681	-70	5113.03953	34.38674	3.39988E-4	0.00102	0.00102
42360.92164	7.50001	1.68684	-70	5114.30862	37.20735	3.40489E-4	7.02654E-4	7.02654E-4
45960.44219	8.38849	1.68702	-70	5115.57283	40.01731	3.55867E-4	7.2216E-4	7.2216E-4
49560.18923	8.54388	1.68713	-70	5116.8195	42.82758	3.67645E-4	0.00124	0.00124
2812.65927	6.85319	1.68617	-67.5	5099.5414	4.93515	4.34345E-4	8.12108E-4	8.12108E-4
6412.04137	8.43404	1.6862	-67.5	5101.17779	8.49079	4.56087E-4	0.00109	0.00109
10011.85471	8.66679	1.68624	-67.5	5102.6467	11.603	4.11845E-4	3.93923E-4	3.93923E-4
13611.72805	8.72752	1.68627	-67.5	5103.99612	14.51168	3.69385E-4	-5.88858E-5	-5.88858E-5
17211.47568	9.09494	1.68628	-67.5	5105.30349	17.34489	3.72912E-4	3.54076E-4	3.54076E-4
20811.45244	8.74076	1.68634	-67.5	5106.60289	20.21197	3.62559E-4	4.31997E-4	4.31997E-4
24411.43451	8.34678	1.68638	-67.5	5107.90955	23.07901	3.58729E-4	0.0021	0.0021
28011.27708	8.40069	1.6864	-67.5	5109.21056	25.94214	3.62374E-4	3.84051E-4	3.84051E-4
31611.2017	8.17332	1.68641	-67.5	5110.50133	28.78697	3.60069E-4	7.39998E-4	7.39998E-4
35211.11231	7.9949	1.68643	-67.5	5111.78238	31.6054	3.41562E-4	-2.62474E-4	-2.62474E-4
38811.01874	7.69066	1.68646	-67.5	5113.05741	34.42777	3.41058E-4	6.38211E-4	6.38211E-4
42410.92649	7.43842	1.68649	-67.5	5114.32609	37.25051	3.6465E-4	6.75046E-4	6.75046E-4
46010.46898	8.27191	1.68655	-67.5	5115.59019	40.06115	3.43657E-4	5.56029E-4	5.56029E-4
49610.16712	8.60481	1.68661	-67.5	5116.83713	42.86493	3.6083E-4	0.0012	0.0012
2862.67934	6.79186	1.68586	-65	5099.56272	4.98739	4.31954E-4	3.12082E-4	3.12082E-4
6462.04458	8.38729	1.68589	-65	5101.19982	8.54349	4.41175E-4	0.00137	0.00137
10061.84714	8.67207	1.68593	-65	5102.66627	11.64374	4.06948E-4	8.54469E-4	8.54469E-4
13661.71447	8.70036	1.68593	-65	5104.01423	14.55724	3.73652E-4	4.07194E-4	4.07194E-4
17261.49654	9.032	1.68593	-65	5105.32154	17.38238	3.58845E-4	2.64502E-4	2.64502E-4
20861.48411	8.64837	1.68602	-65	5106.62107	20.25249	3.6551E-4	0.001	0.001
24461.46588	8.25391	1.6861	-65	5107.92769	23.11346	3.53771E-4	0.00199	0.00199
28061.30347	8.34435	1.6861	-65	5109.22874	25.97841	3.58195E-4	-3.72834E-4	-3.72834E-4
31661.20042	8.17518	1.68609	-65	5110.51919	28.82536	3.48488E-4	9.40263E-5	9.40263E-5
35261.11862	7.99728	1.68607	-65	5111.80003	31.65337	3.25869E-4	1.92241E-4	1.92241E-4
38861.03512	7.65366	1.68609	-65	5113.07531	34.46928	3.42156E-4	2.10755E-4	2.10755E-4
42460.93104	7.37522	1.68613	-65	5114.34357	37.29425	3.89188E-4	6.37042E-4	6.37042E-4
46060.49816	8.14583	1.68606	-65	5115.60755	40.10554	3.31444E-4	4.05713E-4	4.05713E-4
49660.1464	8.66443	1.68606	-65	5116.85476	42.90157	3.52326E-4	0.00112	0.00112
2912.69921	6.7267	1.68553	-62.5	5099.58415	5.03871	4.30191E-4	7.2204E-4	7.2204E-4
6512.04938	8.40441	1.68556	-62.5	5101.22166	8.588	4.51222E-4	0.00153	0.00153
10111.85577	8.6909	1.68559	-62.5	5102.68547	11.68175	3.86595E-4	6.69614E-4	6.69614E-4
13711.72254	8.69537	1.6856	-62.5	5104.03249	14.59591	3.68223E-4	5.6482E-4	5.6482E-4
17311.48837	9.05321	1.68561	-62.5	5105.33959	17.42858	3.58957E-4	5.51602E-6	5.51602E-6
20911.52119	8.50936	1.68565	-62.5	5106.63932	20.28647	3.60475E-4	5.7669E-4	5.7669E-4
24511.4921	8.17848	1.68568	-62.5	5107.94598	23.15804	3.66502E-4	0.001	0.001
28111.33047	8.20347	1.68573	-62.5	5109.24659	26.02218	3.45904E-4	1.82953E-4	1.82953E-4
31711.20718	8.12141	1.68575	-62.5	5110.53713	28.86032	3.65116E-4	4.36269E-4	4.36269E-4
35311.1089	7.96004	1.68572	-62.5	5111.81774	31.69634	3.41421E-4	7.82543E-4	7.82543E-4
38911.05009	7.56906	1.68575	-62.5	5113.09291	34.52373	3.39246E-4	6.09495E-4	6.09495E-4
42510.95331	7.33253	1.6858	-62.5	5114.36139	37.33388	3.79199E-4	0.00102	0.00102
46110.48844	8.16497	1.68579	-62.5	5115.62518	40.15238	3.38764E-4	4.70198E-4	4.70198E-4
49710.14759	8.67962	1.6858	-62.5	5116.87214	42.93471	3.36772E-4	7.74495E-4	7.74495E-4
2962.71907	6.66135	1.6852	-60	5099.60558	5.08998	4.28458E-4	0.00118	0.00118
6562.05427	8.42537	1.68522	-60	5101.2435	8.63203	4.62773E-4	0.00169	0.00169
10161.86541	8.71059	1.68525	-60	5102.70465	11.71958	3.65281E-4	4.44613E-4	4.44613E-4
13761.73196	8.69176	1.68527	-60	5104.05076	14.63415	3.62186E-4	7.03134E-4	7.03134E-4
17361.47833	9.07985	1.68531	-60	5105.35764	17.47533	3.59985E-4	-2.64405E-4	-2.64405E-4
20961.55861	8.36746	1.68526	-60	5106.65758	20.32004	3.54945E-4	8.95216E-5	8.95216E-5
24561.51801	8.10408	1.68525	-60	5107.96429	23.20321	3.80279E-4	-3.87864E-5	-3.87864E-5
28161.35751	8.05757	1.68535	-60	5109.26442	26.0664	3.33131E-4	8.16741E-4	8.16741E-4
31761.21442	8.06441	1.6854	-60	5110.55507	28.89508	3.83384E-4	8.36003E-4	8.36003E-4
35361.09827	7.92057	1.68538	-60	5111.83545	31.73902	3.58734E-4	0.00138	0.00138
38961.06498	7.48187	1.68542	-60	5113.11049	34.5789	3.36117E-4	0.00105	0.00105
42560.97652	7.29092	1.68547	-60	5114.37923	37.37331	3.67387E-4	0.00143	0.00143
46160.47646	8.19257	1.68554	-60	5115.64282	40.19936	3.47222E-4	5.47205E-4	5.47205E-4
49760.15014	8.69206	1.68556	-60	5116.88951	42.96763	3.20781E-4	4.1735E-4	4.1735E-4
3012.73035	6.61079	1.68486	-57.5	5099.62783	5.14351	4.40515E-4	8.60863E-4	8.60863E-4
6612.03826	8.5075	1.68488	-57.5	5101.26508	8.67483	4.27468E-4	0.00145	0.00145
10211.87441	8.62303	1.68489	-57.5	5102.72398	11.7644	3.60775E-4	9.11748E-4	9.11748E-4
13811.75073	8.60842	1.68492	-57.5	5104.06921	14.6739	3.67171E-4	9.74703E-4	9.74703E-4
17411.49869	9.00922	1.68496	-57.5	5105.37554	17.51424	3.70781E-4	1.78161E-4	1.78161E-4
21011.60382	8.23977	1.68495	-57.5	5106.6755	20.36411	3.57344E-4	1.74663E-4	1.74663E-4
24611.54473	8.01125	1.68496	-57.5	5107.98227	23.24055	3.53753E-4	5.76662E-4	5.76662E-4
28211.39418	7.95856	1.68503	-57.5	5109.28223	26.09996	3.38663E-4	8.46231E-4	8.46231E-4
31811.22977	8.00149	1.68505	-57.5	5110.57287	28.95286	3.6972E-4	8.64843E-4	8.64843E-4
35411.13976	7.79654	1.68502	-57.5	5111.853	31.7779	3.54378E-4	0.00167	0.00167
39011.09859	7.39738	1.68506	-57.5	5113.12806	34.61298	3.39843E-4	8.23111E-4	8.23111E-4
42610.96856	7.26739	1.68511	-57.5	5114.397	37.41317	3.33226E-4	0.00134	0.00134
46210.44948	8.29803	1.68512	-57.5	5115.66021	40.23294	3.38691E-4	2.70951E-4	2.70951E-4
49810.13377	8.7269	1.68513	-57.5	5116.90696	43.00753	3.4823E-4	5.5131E-4	5.5131E-4
3062.74123	6.56094	1.68452	-55	5099.65011	5.19716	4.53226E-4	5.09158E-4	5.09158E-4
6662.02099	8.59328	1.68453	-55	5101.28665	8.71756	3.89357E-4	0.00118	0.00118
10261.88337	8.52886	1.68454	-55	5102.74333	11.80965	3.57305E-4	0.00142	0.00142
13861.77008	8.52014	1.68457	-55	5104.08767	14.71376	3.72839E-4	0.00125	0.00125
17461.52103	8.93226	1.68461	-55	5105.39343	17.55265	3.82213E-4	6.67044E-4	6.67044E-4
21061.64951	8.11294	1.68464	-55	5106.6934	20.40881	3.6022E-4	2.9419E-4	2.9419E-4
24661.57149	7.91736	1.68468	-55	5108.00023	23.27744	3.24898E-4	0.00129	0.00129
28261.43141	7.86226	1.68471	-55	5109.30004	26.1329	3.45256E-4	8.40679E-4	8.40679E-4
31861.24559	7.93822	1.6847	-55	5110.59066	29.01197	3.54208E-4	8.72226E-4	8.72226E-4
35461.1842	7.66771	1.68465	-55	5111.87053	31.81657	3.48794E-4	0.00195	0.00195
39061.1332	7.31304	1.6847	-55	5113.14563	34.64593	3.43936E-4	5.56862E-4	5.56862E-4
42660.95899	7.24479	1.68475	-55	5114.41475	37.45306	2.9791E-4	0.00122	0.00122
46260.42162	8.40806	1.6847	-55	5115.67759	40.26573	3.29162E-4	-2.60452E-5	-2.60452E-5
49860.11622	8.76313	1.68469	-55	5116.92442	43.04787	3.78362E-4	7.15602E-4	7.15602E-4
3112.75305	6.52863	1.68422	-52.5	5099.672	5.24983	4.38452E-4	8.80539E-4	8.80539E-4
6712.03333	8.47739	1.68422	-52.5	5101.30825	8.76533	4.15912E-4	0.00109	0.00109
10311.91699	8.45343	1.68422	-52.5	5102.76253	11.85206	3.72442E-4	8.5695E-4	8.5695E-4
13911.78748	8.47392	1.68425	-52.5	5104.10604	14.75335	3.7428E-4	0.00156	0.00156
17511.55379	8.83319	1.68427	-52.5	5105.41175	17.59783	3.7946E-4	6.88683E-4	6.88683E-4
21111.70923	7.92384	1.68432	-52.5	5106.71171	20.44795	3.45952E-4	9.49937E-4	9.49937E-4
24711.6403	7.69513	1.68436	-52.5	5108.01822	23.31427	3.42695E-4	8.51631E-4	8.51631E-4
28311.45455	7.78757	1.68435	-52.5	5109.31807	26.17918	3.56202E-4	6.99667E-4	6.99667E-4
31911.26416	7.91919	1.68433	-52.5	5110.60851	29.03999	3.70736E-4	8.11937E-4	8.11937E-4
35511.20907	7.58538	1.68431	-52.5	5111.88823	31.85271	3.55723E-4	0.0012	0.0012
39111.14309	7.29976	1.68434	-52.5	5113.16332	34.68171	3.6082E-4	8.54573E-4	8.54573E-4
42710.97632	7.21135	1.68436	-52.5	5114.43208	37.49728	3.19929E-4	9.36273E-4	9.36273E-4
46310.38441	8.48273	1.68425	-52.5	5115.69477	40.30273	3.32755E-4	5.0309E-4	5.0309E-4
49910.10807	8.78383	1.68425	-52.5	5116.94179	43.08254	3.75065E-4	7.18146E-4	7.18146E-4
3162.76492	6.49714	1.68391	-50	5099.69387	5.30246	4.22389E-4	0.00129	0.00129
6762.04747	8.34926	1.68391	-50	5101.32986	8.8134	4.46391E-4	0.001	0.001
10361.95212	8.37915	1.68391	-50	5102.78171	11.8943	3.88719E-4	2.26531E-4	2.26531E-4
13961.80476	8.43027	1.68393	-50	5104.12442	14.79292	3.75462E-4	0.00187	0.00187
17561.58722	8.73272	1.68395	-50	5105.43009	17.64346	3.75801E-4	6.80475E-4	6.80475E-4
21161.76975	7.73114	1.68401	-50	5106.73003	20.48677	3.30691E-4	0.00164	0.00164
24761.71149	7.46566	1.68403	-50	5108.03622	23.3511	3.6313E-4	3.50699E-4	3.50699E-4
28361.47691	7.71409	1.68399	-50	5109.33612	26.22621	3.67393E-4	5.51025E-4	5.51025E-4
31961.28289	7.90268	1.68397	-50	5110.62636	29.06624	3.89087E-4	7.47797E-4	7.47797E-4
35561.23286	7.5056	1.68396	-50	5111.90593	31.88871	3.63336E-4	3.88609E-4	3.88609E-4
39161.15168	7.29018	1.68398	-50	5113.18102	34.71764	3.78369E-4	0.00118	0.00118
42760.99505	7.17735	1.68397	-50	5114.44939	37.54171	3.44927E-4	6.44253E-4	6.44253E-4
46360.34664	8.55529	1.6838	-50	5115.71195	40.33998	3.37134E-4	0.00108	0.00108
49960.1005	8.80356	1.68381	-50	5116.95916	43.11687	3.69682E-4	7.1059E-4	7.1059E-4
3212.74948	6.54409	1.68365	-47.5	5099.7164	5.35582	4.35818E-4	8.29854E-4	8.29854E-4
6812.05193	8.3375	1.68365	-47.5	5101.35126	8.8593	4.40872E-4	0.00109	0.00109
10411.97501	8.28676	1.68365	-47.5	5102.80093	11.9289	3.92581E-4	5.44196E-4	5.44196E-4
14011.82452	8.33551	1.68365	-47.5	5104.14266	14.82914	3.57695E-4	0.00132	0.00132
17611.61648	8.62568	1.68366	-47.5	5105.44802	17.67424	3.59177E-4	9.67184E-4	9.67184E-4
21211.8117	7.58345	1.68371	-47.5	5106.74801	20.53186	3.40202E-4	0.00169	0.00169
24811.73494	7.32973	1.68373	-47.5	5108.05439	23.3848	3.66244E-4	4.62118E-4	4.62118E-4
28411.49471	7.6571	1.68369	-47.5	5109.35428	26.26419	3.55412E-4	9.32073E-4	9.32073E-4
32011.28501	7.9054	1.68368	-47.5	5110.64416	29.10433	3.61892E-4	0.00118	0.00118
35611.25166	7.43586	1.68368	-47.5	5111.92377	31.91854	3.70619E-4	0.00144	0.00144
39211.09876	7.4389	1.6837	-47.5	5113.19873	34.75931	3.63896E-4	0.00106	0.00106
42810.98601	7.22411	1.68371	-47.5	5114.4672	37.58727	3.49693E-4	7.37916E-4	7.37916E-4
46410.35482	8.56142	1.68366	-47.5	5115.72935	40.37776	3.63515E-4	9.52479E-4	9.52479E-4
50010.07965	8.86726	1.68368	-47.5	5116.9767	43.16228	3.71649E-4	9.20512E-4	9.20512E-4
3262.73277	6.59467	1.6834	-45	5099.73895	5.40921	4.50613E-4	3.33992E-4	3.33992E-4
6862.05581	8.33272	1.68339	-45	5101.37265	8.90507	4.33193E-4	0.00119	0.00119
10461.99718	8.19329	1.68339	-45	5102.82015	11.96305	3.95704E-4	9.18331E-4	9.18331E-4
14061.84442	8.23766	1.68338	-45	5104.16089	14.86515	3.38786E-4	7.2294E-4	7.2294E-4
17661.64547	8.51824	1.68338	-45	5105.46592	17.7041	3.41747E-4	0.00127	0.00127
21261.85262	7.43826	1.68342	-45	5106.76597	20.5773	3.51081E-4	0.00171	0.00171
24861.75585	7.19878	1.68343	-45	5108.07257	23.41834	3.68434E-4	6.06165E-4	6.06165E-4
28461.51226	7.60102	1.6834	-45	5109.37244	26.30168	3.42151E-4	0.00134	0.00134
32061.2862	7.9092	1.68339	-45	5110.66196	29.14309	3.32143E-4	0.00163	0.00163
35661.2702	7.36664	1.6834	-45	5111.94162	31.94803	3.77884E-4	0.00258	0.00258
39261.04267	7.59576	1.68341	-45	5113.21644	34.80128	3.47775E-4	9.22565E-4	9.22565E-4
42860.97555	7.27499	1.68345	-45	5114.48505	37.63288	3.53426E-4	8.51264E-4	8.51264E-4
46460.36583	8.56348	1.68354	-45	5115.74676	40.41557	3.91248E-4	7.79789E-4	7.79789E-4
50060.05797	8.93373	1.68355	-45	5116.99424	43.20839	3.74077E-4	0.00114	0.00114
3312.72963	6.59313	1.68317	-42.5	5099.76175	5.45816	4.5838E-4	0.00115	0.00115
6912.068	8.31954	1.68317	-42.5	5101.39399	8.94707	4.37826E-4	0.00112	0.00112
10512.0291	8.12017	1.68317	-42.5	5102.83948	12.01313	3.99453E-4	0.00104	0.00104
14111.86731	8.21572	1.68316	-42.5	5104.17921	14.9063	3.62573E-4	9.27801E-4	9.27801E-4
17711.68781	8.36549	1.68316	-42.5	5105.48381	17.74335	3.39945E-4	0.0011	0.0011
21311.89802	7.295	1.68316	-42.5	5106.78404	20.61573	3.7347E-4	0.00179	0.00179
24911.78992	7.12821	1.68315	-42.5	5108.09067	23.46368	3.66985E-4	8.7804E-4	8.7804E-4
28511.53132	7.55564	1.68314	-42.5	5109.39027	26.34049	3.43557E-4	0.00119	0.00119
32111.28806	7.84799	1.68314	-42.5	5110.67992	29.18844	3.29373E-4	0.00141	0.00141
35711.3003	7.28869	1.68315	-42.5	5111.95942	31.99852	3.60482E-4	0.0016	0.0016
39311.05649	7.48958	1.68315	-42.5	5113.2342	34.83673	3.54043E-4	5.95409E-4	5.95409E-4
42910.96893	7.26435	1.68317	-42.5	5114.50258	37.66326	3.59019E-4	9.03698E-4	9.03698E-4
46510.35007	8.60603	1.68327	-42.5	5115.76433	40.45881	3.72563E-4	4.19245E-4	4.19245E-4
50110.05971	8.92503	1.68328	-42.5	5117.01171	43.24942	3.71991E-4	0.0011	0.0011
3362.72712	6.58913	1.68296	-40	5099.78455	5.5069	4.65817E-4	0.00202	0.00202
6962.08068	8.30585	1.68296	-40	5101.41534	8.98884	4.43194E-4	0.00103	0.00103
10562.06159	8.04824	1.68296	-40	5102.85881	12.06415	4.03238E-4	0.00115	0.00115
14161.89038	8.19827	1.68295	-40	5104.19753	14.94776	3.88888E-4	0.00118	0.00118
17761.73097	8.20999	1.68293	-40	5105.5017	17.78317	3.39096E-4	8.99052E-4	8.99052E-4
21361.94366	7.15184	1.6829	-40	5106.80212	20.65378	3.96472E-4	0.00186	0.00186
24961.82468	7.06079	1.68288	-40	5108.10877	23.50964	3.65346E-4	0.00116	0.00116
28561.55046	7.51083	1.68288	-40	5109.40809	26.37937	3.4576E-4	0.00101	0.00101
32161.28996	7.78313	1.68289	-40	5110.6979	29.23415	3.28111E-4	0.00114	0.00114
35761.33101	7.21028	1.68289	-40	5111.97721	32.05011	3.41782E-4	5.15277E-4	5.15277E-4
39361.07407	7.3692	1.68288	-40	5113.25197	34.87184	3.61518E-4	2.5821E-4	2.5821E-4
42960.96251	7.25055	1.6829	-40	5114.5201	37.69286	3.64707E-4	9.53002E-4	9.53002E-4
46560.33268	8.65104	1.683	-40	5115.78192	40.50238	3.51054E-4	4.72722E-5	4.72722E-5
50160.06294	8.91156	1.68301	-40	5117.02917	43.29013	3.69618E-4	0.00104	0.00104
3412.71053	6.6406	1.68277	-37.5	5099.80716	5.55954	4.55859E-4	0.00141	0.00141
7012.06575	8.23637	1.68277	-37.5	5101.43665	9.03596	4.37587E-4	0.00103	0.00103
10612.08617	7.94075	1.68278	-37.5	5102.87767	12.09998	3.86764E-4	0.00128	0.00128
14211.92499	8.04286	1.68277	-37.5	5104.2156	14.98376	3.68285E-4	0.00117	0.00117
17811.77975	8.08737	1.68275	-37.5	5105.51976	17.82998	3.3382E-4	6.95461E-4	6.95461E-4
21411.99953	6.98883	1.68275	-37.5	5106.82048	20.68982	3.8345E-4	0.00143	0.00143
25011.85462	6.98244	1.68276	-37.5	5108.12694	23.55269	3.73813E-4	8.71067E-4	8.71067E-4
28611.57405	7.43032	1.68276	-37.5	5109.42614	26.42135	3.61102E-4	7.55359E-4	7.55359E-4
32211.31624	7.63719	1.68275	-37.5	5110.71555	29.26142	3.32393E-4	0.00122	0.00122
35811.3378	7.20544	1.68272	-37.5	5111.99508	32.09252	3.49358E-4	4.02077E-4	4.02077E-4
39411.09532	7.33312	1.6827	-37.5	5113.26962	34.90976	3.5881E-4	4.35733E-4	4.35733E-4
43010.93797	7.33347	1.68264	-37.5	5114.53782	37.731	3.72942E-4	0.00127	0.00127
46610.33829	8.49962	1.68251	-37.5	5115.79938	40.53293	3.41755E-4	6.46601E-5	6.46601E-5
50210.07094	8.84445	1.6825	-37.5	5117.04676	43.3315	3.68242E-4	0.00109	0.00109
3462.69327	6.69468	1.6826	-35	5099.82975	5.61236	4.45083E-4	7.34397E-4	7.34397E-4
7062.0492	8.1636	1.68261	-35	5101.45796	9.0834	4.31333E-4	0.00103	0.00103
10662.1103	7.83124	1.68261	-35	5102.8965	12.13495	3.69136E-4	0.00141	0.00141
14261.96026	7.87943	1.68259	-35	5104.23365	15.01943	3.44953E-4	0.00114	0.00114
17861.82886	7.96669	1.68257	-35	5105.53784	17.87719	3.28283E-4	4.91726E-4	4.91726E-4
21462.05592	6.8248	1.6826	-35	5106.83885	20.72575	3.68584E-4	9.72304E-4	9.72304E-4
25061.88431	6.90353	1.68263	-35	5108.1451	23.59559	3.82792E-4	5.56938E-4	5.56938E-4
28661.59788	7.34791	1.68264	-35	5109.44421	26.4635	3.77146E-4	5.00543E-4	5.00543E-4
32261.34388	7.48672	1.68261	-35	5110.73318	29.28767	3.36984E-4	0.00132	0.00132
35861.34337	7.20435	1.68256	-35	5112.01297	32.13447	3.58276E-4	3.3876E-4	3.3876E-4
39461.11677	7.30151	1.68252	-35	5113.28727	34.94784	3.55562E-4	6.40509E-4	6.40509E-4
43060.9125	7.42139	1.68239	-35	5114.55555	37.76959	3.81308E-4	0.00161	0.00161
46660.34531	8.33612	1.68203	-35	5115.81684	40.56267	3.33208E-4	1.05998E-4	1.05998E-4
50260.07924	8.77394	1.68201	-35	5117.06437	43.37292	3.66928E-4	0.00116	0.00116
3512.67553	6.75225	1.68252	-32.5	5099.85273	5.66988	4.52407E-4	3.36855E-4	3.36855E-4
7112.08611	8.14772	1.68252	-32.5	5101.47928	9.12181	4.19057E-4	8.79921E-4	8.79921E-4
10712.13602	7.72506	1.68252	-32.5	5102.91577	12.1767	3.59848E-4	0.00144	0.00144
14311.98574	7.79622	1.68248	-32.5	5104.2518	15.06578	3.48417E-4	7.26852E-4	7.26852E-4
17911.86939	7.80831	1.68243	-32.5	5105.55581	17.90839	3.58098E-4	5.15337E-4	5.15337E-4
21512.07845	6.77976	1.68247	-32.5	5106.85685	20.76299	3.72652E-4	7.17158E-4	7.17158E-4
25111.91585	6.80976	1.68248	-32.5	5108.16322	23.62933	3.79871E-4	8.88241E-4	8.88241E-4
28711.62816	7.26315	1.68246	-32.5	5109.46232	26.50868	3.64354E-4	0.00108	0.00108
32311.41137	7.27261	1.68244	-32.5	5110.75103	29.32663	3.46441E-4	5.39934E-4	5.39934E-4
35911.32852	7.221	1.68242	-32.5	5112.03072	32.17166	3.55983E-4	7.01596E-4	7.01596E-4
39511.11589	7.28928	1.68239	-32.5	5113.305	34.99247	3.58149E-4	7.2981E-4	7.2981E-4
43110.90361	7.41721	1.68232	-32.5	5114.57295	37.80958	3.78874E-4	0.00143	0.00143
46710.34392	8.45067	1.68216	-32.5	5115.83402	40.60811	3.50504E-4	8.1862E-4	8.1862E-4
50310.09937	8.70305	1.68213	-32.5	5117.08194	43.40968	3.50634E-4	8.59209E-4	8.59209E-4
3562.65777	6.80998	1.68245	-30	5099.87572	5.72762	4.60595E-4	-4.73781E-5	-4.73781E-5
7162.12622	8.13524	1.68245	-30	5101.50061	9.15969	4.06422E-4	7.21625E-4	7.21625E-4
10762.16183	7.61907	1.68244	-30	5102.93506	12.21883	3.51026E-4	0.00146	0.00146
14362.01066	7.71755	1.68237	-30	5104.26996	15.11274	3.53397E-4	2.94119E-4	2.94119E-4
17961.90943	7.64781	1.6823	-30	5105.57379	17.93867	3.89914E-4	5.51814E-4	5.51814E-4
21562.09933	6.7405	1.68233	-30	5106.87484	20.80028	3.77638E-4	4.71925E-4	4.71925E-4
25161.94747	6.71526	1.68232	-30	5108.18134	23.66262	3.76364E-4	0.00125	0.00125
28761.65877	7.17826	1.68227	-30	5109.48045	26.55402	3.50057E-4	0.00171	0.00171
32361.48104	7.05503	1.68226	-30	5110.7689	29.36629	3.56163E-4	-2.93076E-4	-2.93076E-4
35961.31263	7.23854	1.68228	-30	5112.04847	32.2086	3.53121E-4	0.00109	0.00109
39561.11384	7.27806	1.68226	-30	5113.32273	35.03744	3.61039E-4	8.13108E-4	8.13108E-4
43160.89559	7.40819	1.68225	-30	5114.59032	37.84965	3.75871E-4	0.00123	0.00123
46760.34201	8.5822	1.68228	-30	5115.85118	40.65451	3.69379E-4	0.00157	0.00157
50360.12023	8.63214	1.68223	-30	5117.09952	43.44616	3.33398E-4	5.40869E-4	5.40869E-4
3612.63266	6.87691	1.6824	-27.5	5099.89881	5.77699	4.5068E-4	2.7999E-4	2.7999E-4
7212.13946	8.06847	1.68239	-27.5	5101.52139	9.20467	4.09106E-4	7.31195E-4	7.31195E-4
10812.18077	7.59906	1.68237	-27.5	5102.95394	12.26033	3.77895E-4	7.91934E-4	7.91934E-4
14412.0543	7.59012	1.68231	-27.5	5104.28814	15.15364	3.60256E-4	7.0935E-4	7.0935E-4
18011.96768	7.44095	1.68224	-27.5	5105.59191	17.97786	3.80384E-4	0.00133	0.00133
21612.12819	6.62077	1.6822	-27.5	5106.89323	20.8516	3.7109E-4	0.00122	0.00122
25211.96756	6.65797	1.68218	-27.5	5108.19956	23.70066	3.70258E-4	5.05973E-4	5.05973E-4
28811.66267	7.15784	1.6822	-27.5	5109.49835	26.58204	3.56592E-4	0.00136	0.00136
32411.49269	7.09062	1.68219	-27.5	5110.7867	29.40816	3.51268E-4	4.74583E-4	4.74583E-4
36011.31496	7.22908	1.68216	-27.5	5112.06622	32.25042	3.53536E-4	7.30249E-4	7.30249E-4
39611.1467	7.17572	1.68215	-27.5	5113.34033	35.07098	3.52289E-4	4.86825E-4	4.86825E-4
43210.89875	7.42732	1.68208	-27.5	5114.60818	37.88655	3.67921E-4	0.00106	0.00106
46810.35134	8.58265	1.68193	-27.5	5115.8687	40.69483	3.76961E-4	7.48513E-4	7.48513E-4
50410.14407	8.56815	1.6819	-27.5	5117.11712	43.48868	3.51872E-4	6.91552E-4	6.91552E-4
3662.60718	6.94428	1.68236	-25	5099.9219	5.82595	4.39887E-4	6.41873E-4	6.41873E-4
7262.15114	7.99856	1.68233	-25	5101.54214	9.25006	4.12676E-4	7.50483E-4	7.50483E-4
10862.19935	7.58373	1.68231	-25	5102.9728	12.3018	4.06711E-4	9.09953E-5	9.09953E-5
14462.09898	7.46	1.68226	-25	5104.30633	15.1942	3.67219E-4	0.00117	0.00117
18062.02692	7.23156	1.68219	-25	5105.61004	18.01753	3.68593E-4	0.00214	0.00214
21662.15744	6.49722	1.68208	-25	5106.91165	20.90358	3.63992E-4	0.00201	0.00201
25261.9871	6.60246	1.68205	-25	5108.21779	23.73893	3.64028E-4	-2.9231E-4	-2.9231E-4
28861.66522	7.14069	1.68213	-25	5109.51624	26.60917	3.64186E-4	9.73664E-4	9.73664E-4
32461.50137	7.13917	1.68211	-25	5110.8045	29.45014	3.45624E-4	0.00132	0.00132
36061.31822	7.21823	1.68205	-25	5112.08396	32.29248	3.54119E-4	3.36417E-4	3.36417E-4
39661.18137	7.06866	1.68204	-25	5113.35792	35.10392	3.42935E-4	1.393E-4	1.393E-4
43260.90251	7.44793	1.68192	-25	5114.62606	37.92329	3.5971E-4	8.9828E-4	8.9828E-4
46860.36135	8.5751	1.6816	-25	5115.88623	40.73477	3.83852E-4	-1.71523E-4	-1.71523E-4
50460.16809	8.50458	1.68159	-25	5117.13472	43.53157	3.72551E-4	8.71191E-4	8.71191E-4
3712.57397	7.04383	1.68232	-22.5	5099.94507	5.8752	4.52344E-4	9.42526E-4	9.42526E-4
7312.18877	7.89322	1.68229	-22.5	5101.56336	9.29975	4.05045E-4	8.32225E-4	8.32225E-4
10912.21256	7.52308	1.68226	-22.5	5102.99182	12.33825	4.00945E-4	5.8501E-4	5.8501E-4
14512.13057	7.37485	1.6822	-22.5	5104.32464	15.23277	3.67816E-4	0.00122	0.00122
18112.07347	7.1294	1.68213	-22.5	5105.62811	18.0689	3.64485E-4	0.00191	0.00191
21712.18271	6.38041	1.68205	-22.5	5106.92985	20.93494	3.6621E-4	0.00137	0.00137
25311.98418	6.60285	1.68202	-22.5	5108.23562	23.80225	3.55965E-4	7.85362E-4	7.85362E-4
28911.69209	7.03092	1.68205	-22.5	5109.53426	26.65946	3.74257E-4	0.00138	0.00138
32511.51551	7.03598	1.68203	-22.5	5110.82233	29.49079	3.58666E-4	0.00129	0.00129
36111.31661	7.21408	1.68198	-22.5	5112.10178	32.34123	3.54533E-4	8.36696E-4	8.36696E-4
39711.19215	7.03853	1.68193	-22.5	5113.37569	35.14487	3.52294E-4	7.82664E-4	7.82664E-4
43310.90575	7.41479	1.68184	-22.5	5114.64335	37.95786	3.46764E-4	6.40103E-4	6.40103E-4
46910.36779	8.51785	1.68168	-22.5	5115.90381	40.76903	3.6823E-4	7.92126E-4	7.92126E-4
50510.2045	8.36821	1.68168	-22.5	5117.15205	43.56774	3.50567E-4	5.01795E-4	5.01795E-4
3762.54038	7.14499	1.68229	-20	5099.96824	5.92446	4.65956E-4	0.00124	0.00124
7362.22788	7.78586	1.68225	-20	5101.58461	9.3497	3.96773E-4	9.17542E-4	9.17542E-4
10962.22549	7.45999	1.68221	-20	5103.01086	12.37443	3.9332E-4	0.00114	0.00114
14562.16145	7.2921	1.68214	-20	5104.34295	15.27124	3.68073E-4	0.00126	0.00126
18162.11937	7.03281	1.68208	-20	5105.64618	18.12089	3.60776E-4	0.00163	0.00163
21762.20781	6.26392	1.68202	-20	5106.94803	20.96535	3.68858E-4	6.67185E-4	6.67185E-4
25361.9802	6.60586	1.68199	-20	5108.25344	23.86675	3.47817E-4	0.00195	0.00195
28961.7202	6.91649	1.68198	-20	5109.55228	26.71091	3.84453E-4	0.00183	0.00183
32561.52992	6.92509	1.68195	-20	5110.84015	29.53137	3.72656E-4	0.00122	0.00122
36161.31475	7.21028	1.68191	-20	5112.11959	32.39033	3.54939E-4	0.00138	0.00138
39761.20172	7.01227	1.68183	-20	5113.39347	35.18622	3.62594E-4	0.00148	0.00148
43360.90896	7.37882	1.68178	-20	5114.66061	37.99231	3.33569E-4	3.77049E-4	3.77049E-4
46960.37402	8.45761	1.68176	-20	5115.92139	40.80295	3.51245E-4	0.00187	0.00187
50560.24166	8.22742	1.68175	-20	5117.16937	43.6035	3.26001E-4	9.91579E-5	9.91579E-5
3812.50487	7.25273	1.68224	-17.5	5099.99149	5.97348	4.57928E-4	9.73125E-4	9.73125E-4
7412.25261	7.7057	1.6822	-17.5	5101.6055	9.39642	4.13516E-4	8.41601E-4	8.41601E-4
11012.2471	7.37962	1.68216	-17.5	5103.03	12.41695	3.96119E-4	0.00134	0.00134
14612.18514	7.22295	1.6821	-17.5	5104.36114	15.30793	3.76723E-4	4.65087E-4	4.65087E-4
18212.14833	6.94073	1.68205	-17.5	5105.66427	18.15884	3.77373E-4	0.00113	0.00113
21812.26266	6.15044	1.68199	-17.5	5106.96632	20.99938	3.68014E-4	7.02678E-4	7.02678E-4
25411.98459	6.58328	1.68194	-17.5	5108.27173	23.89259	3.625E-4	9.54615E-4	9.54615E-4
29011.73535	6.87423	1.6819	-17.5	5109.57026	26.77223	3.73925E-4	8.12756E-4	8.12756E-4
32611.55776	6.89184	1.68188	-17.5	5110.85795	29.57393	3.62175E-4	5.43989E-4	5.43989E-4
36211.31682	7.1912	1.68186	-17.5	5112.13729	32.41889	3.5525E-4	9.0564E-4	9.0564E-4
39811.20972	6.97378	1.68181	-17.5	5113.41112	35.23103	3.48791E-4	0.00181	0.00181
43410.91567	7.34051	1.68176	-17.5	5114.67803	38.03871	3.33309E-4	9.30964E-4	9.30964E-4
47010.4046	8.34968	1.6817	-17.5	5115.93863	40.84103	3.4929E-4	0.00124	0.00124
3862.46926	7.3608	1.6822	-15	5100.01474	6.02247	4.48799E-4	6.77378E-4	6.77378E-4
7462.27654	7.62705	1.68216	-15	5101.62637	9.44296	4.31648E-4	7.56706E-4	7.56706E-4
11062.26916	7.29833	1.68212	-15	5103.04914	12.45981	3.99472E-4	0.00151	0.00151
14662.20845	7.1545	1.68207	-15	5104.37931	15.34453	3.85806E-4	-3.68025E-4	-3.68025E-4
18262.17645	6.84888	1.68201	-15	5105.68236	18.1961	3.94983E-4	6.29651E-4	6.29651E-4
21862.31885	6.03711	1.68195	-15	5106.9846	21.03357	3.67012E-4	7.71424E-4	7.71424E-4
25461.98937	6.55949	1.68189	-15	5108.29005	23.91662	3.78254E-4	-1.43003E-4	-1.43003E-4
29061.74987	6.83553	1.68183	-15	5109.58823	26.83404	3.62375E-4	-2.75838E-4	-2.75838E-4
32661.58627	6.86247	1.68181	-15	5110.87574	29.61659	3.50472E-4	-1.6203E-4	-1.6203E-4
36261.31909	7.17134	1.68181	-15	5112.15498	32.4464	3.55557E-4	3.76367E-4	3.76367E-4
39861.21763	6.93469	1.68178	-15	5113.42876	35.27601	3.33787E-4	0.00213	0.00213
43460.92257	7.30209	1.68173	-15	5114.69546	38.08574	3.33726E-4	0.00153	0.00153
47060.43665	8.23889	1.68164	-15	5115.95585	40.87936	3.48237E-4	5.03954E-4	5.03954E-4
3912.43425	7.48472	1.68216	-12.5	5100.03792	6.07707	4.64915E-4	9.6088E-4	9.6088E-4
7512.32524	7.45978	1.68211	-12.5	5101.64729	9.48525	4.0987E-4	4.46961E-4	4.46961E-4
11112.29751	7.21744	1.68206	-12.5	5103.06784	12.49987	3.8667E-4	0.00112	0.00112
14712.22821	7.0905	1.68201	-12.5	5104.39755	15.38502	3.76794E-4	7.86671E-4	7.86671E-4
18312.19481	6.80944	1.68195	-12.5	5105.70043	18.23886	3.62573E-4	0.00114	0.00114
21912.32622	6.00224	1.68188	-12.5	5107.0026	21.08012	3.64491E-4	0.00133	0.00133
25511.98675	6.57481	1.68182	-12.5	5108.30823	23.95845	3.61741E-4	-3.40818E-5	-3.40818E-5
29111.76378	6.78821	1.68176	-12.5	5109.60628	26.84119	3.37405E-4	5.99722E-4	5.99722E-4
32711.58943	6.84906	1.68174	-12.5	5110.89371	29.65924	3.66884E-4	-0.00112	-0.00112
36311.33335	7.13445	1.68174	-12.5	5112.17283	32.48062	3.53059E-4	3.72316E-4	3.72316E-4
39911.22075	6.93186	1.68169	-12.5	5113.4463	35.30047	3.23725E-4	0.00209	0.00209
43510.93568	7.27038	1.68163	-12.5	5114.71318	38.1191	3.46576E-4	0.0011	0.0011
47110.46408	8.15059	1.68156	-12.5	5115.9732	40.92219	3.4787E-4	2.86902E-4	2.86902E-4
3962.39927	7.60946	1.6821	-10	5100.06109	6.13196	4.82355E-4	0.00127	0.00127
7562.37529	7.28768	1.68205	-10	5101.66822	9.5273	3.85924E-4	1.24997E-4	1.24997E-4
11162.32618	7.13657	1.682	-10	5103.0865	12.53978	3.7303E-4	6.92354E-4	6.92354E-4
14762.2478	7.02674	1.68194	-10	5104.41578	15.42571	3.66865E-4	0.00204	0.00204
18362.21269	6.77255	1.68188	-10	5105.7185	18.28189	3.27733E-4	0.0017	0.0017
21962.33152	5.97071	1.68182	-10	5107.02058	21.12719	3.61905E-4	0.0019	0.0019
25561.98379	6.59194	1.68175	-10	5108.3264	24.00111	3.43725E-4	1.31027E-4	1.31027E-4
29161.77766	6.74046	1.6817	-10	5109.62432	26.84569	3.11783E-4	0.00157	0.00157
32761.59136	6.83644	1.68168	-10	5110.91169	29.7019	3.84666E-4	-0.00208	-0.00208
36361.34821	7.09669	1.68167	-10	5112.1907	32.51518	3.50419E-4	3.94978E-4	3.94978E-4
39961.22362	6.93083	1.6816	-10	5113.46383	35.32391	3.13906E-4	0.00203	0.00203
43560.9491	7.23902	1.68153	-10	5114.73092	38.15176	3.60071E-4	6.19349E-4	6.19349E-4
47160.49125	8.06361	1.68149	-10	5115.99055	40.96528	3.47543E-4	1.00131E-4	1.00131E-4
4012.35578	7.73335	1.68201	-7.5	5100.08462	6.18722	4.71277E-4	0.0015	0.0015
7612.40223	7.22731	1.68196	-7.5	5101.68891	9.57028	4.06308E-4	5.21722E-4	5.21722E-4
11212.34661	7.07206	1.68192	-7.5	5103.10554	12.5805	3.72788E-4	9.63789E-4	9.63789E-4
14812.28039	6.92171	1.68186	-7.5	5104.43403	15.46757	3.74218E-4	0.00112	0.00112
18412.23637	6.68509	1.6818	-7.5	5105.73671	18.32373	3.40609E-4	6.34925E-4	6.34925E-4
22012.34132	5.92979	1.68174	-7.5	5107.03894	21.17121	3.66085E-4	0.00111	0.00111
25611.98025	6.59997	1.68169	-7.5	5108.34427	24.03291	3.44301E-4	5.64953E-4	5.64953E-4
29211.78427	6.74232	1.68164	-7.5	5109.64204	26.89415	3.33E-4	0.00163	0.00163
32811.59665	6.83901	1.6816	-7.5	5110.92946	29.72341	3.61278E-4	-4.91922E-4	-4.91922E-4
36411.34482	7.07726	1.68158	-7.5	5112.20838	32.55711	3.48556E-4	3.26117E-4	3.26117E-4
40011.21677	6.94934	1.68152	-7.5	5113.48137	35.36117	3.46071E-4	0.0025	0.0025
43610.96014	7.11543	1.68145	-7.5	5114.74845	38.1902	3.5971E-4	9.06673E-4	9.06673E-4
47210.53052	7.94212	1.68138	-7.5	5116.00794	40.99888	3.50866E-4	5.43838E-4	5.43838E-4
4062.31183	7.8572	1.68191	-5	5100.10816	6.24251	4.58657E-4	0.00171	0.00171
7662.42796	7.17276	1.68187	-5	5101.7096	9.61331	4.28998E-4	9.55828E-4	9.55828E-4
11262.36662	7.00838	1.68183	-5	5103.12459	12.62126	3.73226E-4	0.00127	0.00127
14862.31362	6.81464	1.68177	-5	5104.45228	15.50948	3.82431E-4	8.208E-5	8.208E-5
18462.26032	6.59522	1.68172	-5	5105.75493	18.3655	3.5576E-4	-5.04561E-4	-5.04561E-4
22062.3513	5.88847	1.68166	-5	5107.05732	21.2151	3.70549E-4	2.59816E-4	2.59816E-4
25661.97669	6.60757	1.68161	-5	5108.36212	24.06421	3.45742E-4	0.00101	0.00101
29261.79053	6.74655	1.68157	-5	5109.65973	26.94471	3.56455E-4	0.00164	0.00164
32861.6021	6.84232	1.68152	-5	5110.94722	29.74391	3.35899E-4	0.00122	0.00122
36461.34052	7.05875	1.68148	-5	5112.22606	32.5994	3.46732E-4	2.52662E-4	2.52662E-4
40061.20944	6.96881	1.68144	-5	5113.4989	35.39911	3.80297E-4	0.00299	0.00299
43660.97105	6.98712	1.68137	-5	5114.76597	38.22894	3.5864E-4	0.00123	0.00123
47260.57049	7.81865	1.68127	-5	5116.02533	41.03194	3.54397E-4	0.00102	0.00102
4112.29699	7.89279	1.68179	-2.5	5100.13127	6.28773	4.66084E-4	0.00161	0.00161
7712.44343	7.13367	1.68174	-2.5	5101.73014	9.65679	4.25508E-4	8.89116E-4	8.89116E-4
11312.38131	6.9677	1.6817	-2.5	5103.14335	12.66725	3.66314E-4	9.47068E-4	9.47068E-4
14912.33488	6.7487	1.68164	-2.5	5104.47075	15.54635	3.88761E-4	-2.46135E-4	-2.46135E-4
18512.26957	6.55694	1.68158	-2.5	5105.77291	18.40437	3.527E-4	-3.86827E-4	-3.86827E-4
22112.35707	5.86398	1.68153	-2.5	5107.07516	21.24326	3.5505E-4	8.4517E-4	8.4517E-4
25711.96002	6.64653	1.68147	-2.5	5108.38019	24.10742	3.61338E-4	0.0016	0.0016
29311.79798	6.71007	1.68142	-2.5	5109.67796	26.97859	3.47695E-4	0.00121	0.00121
32911.59584	6.73788	1.68139	-2.5	5110.96504	29.79812	3.4574E-4	3.37484E-4	3.37484E-4
36511.35374	7.04362	1.68137	-2.5	5112.24384	32.64446	3.37588E-4	-5.69052E-4	-5.69052E-4
40111.20608	6.99382	1.68134	-2.5	5113.51684	35.44812	3.65028E-4	0.00166	0.00166
43711.00514	6.95849	1.68127	-2.5	5114.78343	38.26831	3.32256E-4	7.51656E-4	7.51656E-4
47310.61009	7.69376	1.68115	-2.5	5116.04256	41.07085	3.41659E-4	0.00109	0.00109
4162.28379	7.92346	1.68166	0	5100.15436	6.33239	4.74631E-4	0.00148	0.00148
7762.45837	7.09538	1.68162	0	5101.75068	9.7003	4.20686E-4	7.96924E-4	7.96924E-4
11362.39574	6.92817	1.68157	0	5103.16208	12.7135	3.59036E-4	5.9226E-4	5.9226E-4
14962.35556	6.68475	1.68151	0	5104.48923	15.58297	3.95001E-4	-5.40313E-4	-5.40313E-4
18562.27815	6.52108	1.68145	0	5105.79089	18.4431	3.48791E-4	-2.10453E-4	-2.10453E-4
22162.36265	5.8402	1.6814	0	5107.09299	21.27077	3.3872E-4	0.00149	0.00149
25761.94274	6.68696	1.68134	0	5108.39828	24.15118	3.77595E-4	0.0022	0.0022
29361.80548	6.67165	1.68128	0	5109.69621	27.01169	3.37405E-4	7.68999E-4	7.68999E-4
32961.58902	6.62824	1.68126	0	5110.98287	29.85395	3.57278E-4	-6.70076E-4	-6.70076E-4
36561.36785	7.02866	1.68124	0	5112.26162	32.68966	3.28077E-4	-0.00143	-0.00143
40161.20292	7.01911	1.68124	0	5113.5348	35.49768	3.47317E-4	2.45896E-4	2.45896E-4
43761.04041	6.9349	1.68117	0	5114.80088	38.30772	3.04592E-4	2.29123E-4	2.29123E-4
47360.64967	7.56879	1.68102	0	5116.05979	41.11009	3.28023E-4	0.00112	0.00112
4212.2446	8.0499	1.68151	2.5	5100.17784	6.38104	4.71923E-4	0.00149	0.00149
7812.4653	7.05267	1.68148	2.5	5101.77138	9.7551	4.29515E-4	0.00159	0.00159
11412.40641	6.90596	1.68145	2.5	5103.18097	12.74927	3.64803E-4	5.88536E-4	5.88536E-4
15012.37369	6.6345	1.6814	2.5	5104.50723	15.61956	3.72982E-4	-3.6175E-4	-3.6175E-4
18612.27916	6.52332	1.68134	2.5	5105.80881	18.47358	3.37538E-4	6.2945E-4	6.2945E-4
22212.38372	5.77591	1.68129	2.5	5107.11113	21.31107	3.48778E-4	0.0016	0.0016
25811.92403	6.74714	1.68123	2.5	5108.41633	24.17829	3.86893E-4	0.0015	0.0015
29411.77785	6.74173	1.68117	2.5	5109.71404	27.05758	3.56304E-4	8.66092E-4	8.66092E-4
33011.62542	6.61801	1.68112	2.5	5111.00061	29.89166	3.40515E-4	-4.1921E-4	-4.1921E-4
36611.37188	6.99266	1.68108	2.5	5112.27928	32.72059	3.27724E-4	8.87168E-5	8.87168E-5
40211.19151	7.04007	1.68107	2.5	5113.55223	35.54213	3.43119E-4	2.20928E-4	2.20928E-4
43811.04024	6.93274	1.681	2.5	5114.81824	38.34308	3.23784E-4	6.14198E-4	6.14198E-4
47410.68973	7.41526	1.68089	2.5	5116.07703	41.14799	3.48706E-4	0.001	0.001
4262.20395	8.18175	1.68136	5	5100.20136	6.42993	4.68581E-4	0.00151	0.00151
7862.47182	7.00975	1.68133	5	5101.79209	9.81048	4.39029E-4	0.00242	0.00242
11462.41689	6.88459	1.68131	5	5103.19987	12.78452	3.71209E-4	6.01997E-4	6.01997E-4
15062.39169	6.58491	1.68127	5	5104.52521	15.65614	3.49628E-4	-1.60879E-4	-1.60879E-4
18662.27982	6.52732	1.68123	5	5105.82672	18.50368	3.25947E-4	0.0015	0.0015
22262.40543	5.70995	1.68117	5	5107.12928	21.3519	3.59929E-4	0.00169	0.00169
25861.90525	6.80825	1.68111	5	5108.43437	24.20461	3.95861E-4	7.32483E-4	7.32483E-4
29461.74856	6.81691	1.68105	5	5109.73185	27.10407	3.76574E-4	9.88645E-4	9.88645E-4
33061.6639	6.61257	1.68099	5	5111.01834	29.9285	3.22386E-4	-1.0765E-4	-1.0765E-4
36661.3754	6.95562	1.68093	5	5112.29692	32.75081	3.27825E-4	0.00172	0.00172
40261.17971	7.06081	1.6809	5	5113.56964	35.58632	3.39588E-4	2.64727E-4	2.64727E-4
43861.03833	6.93162	1.68084	5	5114.83558	38.37825	3.45269E-4	0.00104	0.00104
47460.7298	7.2602	1.68075	5	5116.09428	41.18581	3.71224E-4	8.77082E-4	8.77082E-4
4312.16739	8.30046	1.68121	7.5	5100.2246	6.47851	4.72941E-4	7.81235E-4	7.81235E-4
7912.49195	6.96035	1.68117	7.5	5101.8126	9.8438	4.12788E-4	0.00147	0.00147
11512.41867	6.88222	1.68113	7.5	5103.21868	12.82652	3.79629E-4	7.03289E-4	7.03289E-4
15112.4006	6.5519	1.68109	7.5	5104.54329	15.69401	3.41822E-4	5.71198E-4	5.71198E-4
18712.26974	6.54489	1.68104	7.5	5105.84465	18.54253	3.50519E-4	6.33801E-4	6.33801E-4
22312.38774	5.79063	1.68099	7.5	5107.14747	21.39221	3.7775E-4	0.00115	0.00115
25911.88597	6.86037	1.68094	7.5	5108.45268	24.2586	3.75502E-4	8.41369E-4	8.41369E-4
29511.7592	6.79535	1.68089	7.5	5109.74985	27.13769	3.78967E-4	0.00109	0.00109
33111.63992	6.67468	1.68085	7.5	5111.03622	29.97354	3.22714E-4	4.78122E-4	4.78122E-4
36711.38938	6.93997	1.6808	7.5	5112.31465	32.79429	3.43508E-4	9.04058E-4	9.04058E-4
40311.16848	7.09941	1.68073	7.5	5113.58714	35.61893	3.54077E-4	6.47589E-4	6.47589E-4
43911.03706	6.9418	1.68067	7.5	5114.8531	38.42158	3.58662E-4	9.30908E-4	9.30908E-4
47510.77029	7.13683	1.68061	7.5	5116.11166	41.2325	3.69948E-4	5.75011E-4	5.75011E-4
4362.13106	8.41841	1.68107	10	5100.24783	6.52707	4.7775E-4	4.0586E-6	4.0586E-6
7962.51276	6.91063	1.68101	10	5101.83309	9.87602	3.8477E-4	4.39117E-4	4.39117E-4
11562.42003	6.88077	1.68096	10	5103.23748	12.86885	3.88146E-4	8.0884E-4	8.0884E-4
15162.4091	6.51967	1.68091	10	5104.56138	15.73195	3.34737E-4	0.00133	0.00133
18762.25916	6.56308	1.68086	10	5105.86257	18.58179	3.76756E-4	-3.12299E-4	-3.12299E-4
22362.36846	5.87721	1.68081	10	5107.16566	21.43251	3.95839E-4	5.88177E-4	5.88177E-4
25961.86666	6.91206	1.68077	10	5108.47099	24.31392	3.53732E-4	9.92324E-4	9.92324E-4
29561.77176	6.76912	1.68073	10	5109.76786	27.17069	3.80498E-4	0.00119	0.00119
33161.61303	6.73993	1.6807	10	5111.05411	30.01897	3.23902E-4	0.00108	0.00108
36761.40388	6.92539	1.68067	10	5112.33239	32.83842	3.59958E-4	-3.60709E-5	-3.60709E-5
40361.15728	7.1389	1.68058	10	5113.60464	35.65097	3.69464E-4	0.00105	0.00105
43961.03582	6.95253	1.68051	10	5114.87062	38.4653	3.71659E-4	7.9163E-4	7.9163E-4
47560.8108	7.0151	1.68046	10	5116.12904	41.27964	3.67447E-4	2.63972E-4	2.63972E-4
4412.0881	8.54085	1.68092	12.5	5100.27127	6.57959	4.79542E-4	2.28824E-4	2.28824E-4
8012.51668	6.89902	1.68086	12.5	5101.85351	9.91831	4.01524E-4	5.81322E-4	5.81322E-4
11612.40972	6.8935	1.6808	12.5	5103.2562	12.90877	3.98727E-4	9.23493E-4	9.23493E-4
15212.41037	6.51078	1.68073	12.5	5104.57948	15.7779	3.50046E-4	0.00116	0.00116
18812.25134	6.58755	1.68067	12.5	5105.88076	18.62411	3.75258E-4	4.86658E-4	4.86658E-4
22412.3062	6.06371	1.68062	12.5	5107.18382	21.48351	3.70229E-4	0.00114	0.00114
26011.84535	6.96317	1.68058	12.5	5108.48909	24.35484	3.60428E-4	0.00144	0.00144
29611.77202	6.78819	1.68054	12.5	5109.78598	27.21352	3.82877E-4	8.41404E-4	8.41404E-4
33211.59466	6.77974	1.68055	12.5	5111.07175	30.05711	3.31861E-4	0.00115	0.00115
36811.3989	6.89338	1.68054	12.5	5112.35013	32.87418	3.60299E-4	2.01155E-4	2.01155E-4
40411.14222	7.147	1.68044	12.5	5113.62239	35.68967	3.55784E-4	0.00107	0.00107
44011.02605	6.9778	1.68036	12.5	5114.88817	38.50526	3.66513E-4	7.22911E-4	7.22911E-4
47610.82833	6.96333	1.68031	12.5	5116.14626	41.32266	3.37857E-4	0.00108	0.00108
4462.04475	8.66357	1.68076	15	5100.29472	6.63235	4.81155E-4	5.13497E-4	5.13497E-4
8062.51978	6.88927	1.6807	15	5101.87393	9.96109	4.20462E-4	7.80952E-4	7.80952E-4
11662.39886	6.90692	1.68064	15	5103.27491	12.94858	4.09409E-4	0.00104	0.00104
15262.41132	6.50297	1.68057	15	5104.59758	15.82422	3.66382E-4	9.43695E-4	9.43695E-4
18862.24364	6.6123	1.6805	15	5105.89897	18.66658	3.72473E-4	0.00137	0.00137
22462.24217	6.25432	1.68046	15	5107.20199	21.53496	3.42826E-4	0.00174	0.00174
26061.82394	7.01425	1.68041	15	5108.50718	24.39506	3.68514E-4	0.00189	0.00189
29661.77169	6.8094	1.68036	15	5109.80409	27.25682	3.85295E-4	4.74376E-4	4.74376E-4
33261.5767	6.81834	1.68039	15	5111.08937	30.0949	3.40144E-4	0.00119	0.00119
36861.39297	6.86052	1.68041	15	5112.36788	32.90954	3.59859E-4	4.9553E-4	4.9553E-4
40461.12697	7.15352	1.6803	15	5113.64015	35.72871	3.40646E-4	0.00107	0.00107
44061.01586	7.00378	1.68022	15	5114.90572	38.54504	3.60481E-4	6.57638E-4	6.57638E-4
47660.84472	6.91503	1.68017	15	5116.16347	41.36548	3.0692E-4	0.00195	0.00195
4512.01012	8.77806	1.68057	17.5	5100.31787	6.67754	4.76162E-4	7.6308E-4	7.6308E-4
8112.52351	6.87781	1.68051	17.5	5101.89432	10.00127	4.18735E-4	6.41326E-4	6.41326E-4
11712.3918	6.91696	1.68046	17.5	5103.29383	12.98805	3.95925E-4	0.00131	0.00131
15312.40646	6.53297	1.68044	17.5	5104.61559	15.86228	3.74009E-4	8.04482E-4	8.04482E-4
18912.22551	6.68669	1.68041	17.5	5105.91713	18.70319	3.59442E-4	0.00111	0.00111
22512.18667	6.39136	1.68036	17.5	5107.22011	21.57739	3.53405E-4	0.00188	0.00188
26111.80268	7.09099	1.6803	17.5	5108.52531	24.43236	3.67887E-4	0.00226	0.00226
29711.75568	6.83112	1.68024	17.5	5109.82208	27.29784	3.64018E-4	4.99708E-4	4.99708E-4
33311.55741	6.91825	1.68024	17.5	5111.10734	30.13545	3.39055E-4	2.38549E-4	2.38549E-4
36911.39834	6.86868	1.68023	17.5	5112.38571	32.9427	3.46309E-4	-1.08735E-4	-1.08735E-4
40511.11636	7.21547	1.68014	17.5	5113.65774	35.77221	3.52755E-4	5.48509E-4	5.48509E-4
44111.00044	7.02851	1.68009	17.5	5114.92334	38.58342	3.51694E-4	8.16795E-4	8.16795E-4
47710.88119	6.78848	1.68008	17.5	5116.18062	41.3974	3.17393E-4	0.00151	0.00151
4561.97603	8.89205	1.68041	20	5100.341	6.72226	4.70762E-4	0.00101	0.00101
8162.52727	6.86627	1.68036	20	5101.91472	10.04132	4.16003E-4	4.85193E-4	4.85193E-4
11762.38492	6.92683	1.68031	20	5103.31276	13.02749	3.81265E-4	0.00159	0.00159
15362.40133	6.5647	1.68032	20	5104.6336	15.89996	3.81236E-4	6.68666E-4	6.68666E-4
18962.20691	6.76339	1.68031	20	5105.93528	18.73953	3.45934E-4	8.07042E-4	8.07042E-4
22562.13155	6.52606	1.68026	20	5107.23823	21.61942	3.65645E-4	0.00199	0.00199
26161.78144	7.169	1.68019	20	5108.54345	24.4695	3.66827E-4	0.00262	0.00262
29761.73893	6.85286	1.68012	20	5109.84006	27.33875	3.41614E-4	5.4368E-4	5.4368E-4
33361.53807	7.02112	1.6801	20	5111.12533	30.17614	3.37515E-4	-7.63104E-4	-7.63104E-4
36961.40425	6.87884	1.68007	20	5112.40355	32.97575	3.32122E-4	-7.56656E-4	-7.56656E-4
40561.10598	7.28022	1.67999	20	5113.67532	35.81593	3.66246E-4	1.0124E-6	1.0124E-6
44160.98476	7.05318	1.67997	20	5114.94096	38.62173	3.4277E-4	9.86989E-4	9.86989E-4
47760.91863	6.65812	1.68	20	5116.19777	41.42879	3.29883E-4	0.00102	0.00102
1012.43117	7.77155	1.68031	22.5	5099.00614	3.20779	5.19901E-5	3.46249E-4	3.46249E-4
4611.94267	9.00068	1.6803	22.5	5100.36418	6.77259	4.81716E-4	0.00103	0.00103
8212.52465	6.86141	1.68024	22.5	5101.93512	10.08758	4.09039E-4	5.36764E-4	5.36764E-4
11812.37265	6.98878	1.68019	22.5	5103.33144	13.07188	3.62164E-4	0.00127	0.00127
15412.41165	6.44056	1.68018	22.5	5104.65192	15.93435	3.82521E-4	8.3518E-4	8.3518E-4
19012.18176	6.83811	1.68015	22.5	5105.9531	18.78018	3.57715E-4	8.60994E-4	8.60994E-4
22612.09251	6.65428	1.68011	22.5	5107.25639	21.65876	3.59827E-4	0.0012	0.0012
26211.75258	7.25711	1.68006	22.5	5108.5614	24.51055	3.6611E-4	-6.44599E-4	-6.44599E-4
29811.72326	6.89777	1.68001	22.5	5109.85781	27.38726	3.40721E-4	0.0018	0.0018
33411.49763	7.08692	1.67999	22.5	5111.14299	30.21255	3.57812E-4	-2.94025E-4	-2.94025E-4
37011.42132	6.84924	1.67997	22.5	5112.42126	33.02007	3.57834E-4	0.00102	0.00102
40611.08991	7.29844	1.67989	22.5	5113.6931	35.85201	3.5953E-4	4.47073E-4	4.47073E-4
44210.99513	7.01905	1.67989	22.5	5114.95857	38.66043	3.51541E-4	7.62075E-4	7.62075E-4
47810.92724	6.63237	1.67994	22.5	5116.21483	41.46584	3.2819E-4	7.94652E-4	7.94652E-4
1062.40798	7.83507	1.6802	25	5099.01037	3.25414	3.75814E-5	1.52821E-4	1.52821E-4
4661.90935	9.10897	1.68019	25	5100.38736	6.82328	4.93701E-4	0.00104	0.00104
8262.52171	6.85687	1.68014	25	5101.95552	10.13413	4.01871E-4	5.98384E-4	5.98384E-4
11862.36012	7.05328	1.6801	25	5103.35011	13.1165	3.42846E-4	9.20169E-4	9.20169E-4
15462.42269	6.30926	1.68006	25	5104.67026	15.96859	3.83532E-4	0.00102	0.00102
19062.15631	6.91273	1.68002	25	5105.97092	18.82105	3.70695E-4	9.3202E-4	9.3202E-4
22662.05422	6.78221	1.67998	25	5107.27455	21.69798	3.53179E-4	3.63189E-4	3.63189E-4
26261.72334	7.34574	1.67995	25	5108.57933	24.5518	3.6541E-4	-0.00409	-0.00409
29861.70766	6.94381	1.67992	25	5109.87554	27.43614	3.40863E-4	0.00312	0.00312
33461.45616	7.15089	1.67991	25	5111.16063	30.24874	3.79179E-4	2.47169E-4	2.47169E-4
37061.43891	6.81772	1.67989	25	5112.43896	33.06495	3.85473E-4	0.00291	0.00291
40661.07355	7.31429	1.67981	25	5113.7109	35.8877	3.51782E-4	9.43856E-4	9.43856E-4
44261.00679	6.982	1.67982	25	5114.97618	38.69914	3.61192E-4	5.17501E-4	5.17501E-4
47860.9345	6.61154	1.67988	25	5116.23188	41.50317	3.2583E-4	5.82231E-4	5.82231E-4
1112.38798	7.90634	1.68008	27.5	5099.01639	3.29056	8.95997E-5	4.99995E-4	4.99995E-4
4711.90018	9.12561	1.68008	27.5	5100.41053	6.87443	4.70738E-4	6.29193E-4	6.29193E-4
8312.5051	6.91566	1.68006	27.5	5101.97561	10.1772	3.90714E-4	5.68293E-4	5.68293E-4
11912.33168	7.12097	1.68003	27.5	5103.36856	13.15098	3.42573E-4	7.15204E-4	7.15204E-4
15512.45729	6.28097	1.67999	27.5	5104.68838	16.00988	3.73908E-4	6.82431E-4	6.82431E-4
19112.11807	7.00918	1.67996	27.5	5105.98905	18.85796	3.80479E-4	9.94506E-4	9.94506E-4
22711.99347	6.9684	1.67994	27.5	5107.2926	21.73089	3.60387E-4	8.96537E-4	8.96537E-4
26311.69537	7.45172	1.67992	27.5	5108.59746	24.59006	3.69616E-4	-5.56706E-4	-5.56706E-4
29911.66063	7.11497	1.6799	27.5	5109.89337	27.4833	3.39832E-4	6.1596E-4	6.1596E-4
33511.43946	7.23936	1.67988	27.5	5111.17859	30.28121	3.62502E-4	-2.69181E-4	-2.69181E-4
37111.41101	6.84373	1.67985	27.5	5112.4569	33.11083	3.75487E-4	0.00187	0.00187
40711.06368	7.35756	1.67981	27.5	5113.7285	35.92861	3.5602E-4	0.00108	0.00108
44310.999	6.96025	1.67979	27.5	5114.99354	38.7431	3.62099E-4	3.913E-4	3.913E-4
47910.95339	6.56743	1.6798	27.5	5116.24918	41.53823	3.34537E-4	0.00103	0.00103
1162.36815	7.97805	1.68002	30	5099.02251	3.32643	1.45296E-4	8.77101E-4	8.77101E-4
4761.89257	9.13634	1.68001	30	5100.4337	6.9256	4.45518E-4	1.92284E-4	1.92284E-4
8362.48781	6.97752	1.68	30	5101.99569	10.2201	3.79364E-4	5.33762E-4	5.33762E-4
11962.30246	7.18882	1.67998	30	5103.387	13.18496	3.43244E-4	5.17426E-4	5.17426E-4
15562.49296	6.25736	1.67995	30	5104.7065	16.05149	3.638E-4	3.25945E-4	3.25945E-4
19162.07922	7.10669	1.67993	30	5106.00719	18.89468	3.90109E-4	0.00106	0.00106
22761.93164	7.15737	1.67991	30	5107.31064	21.7635	3.68257E-4	0.0015	0.0015
26361.66746	7.5586	1.6799	30	5108.6156	24.62816	3.74077E-4	0.00334	0.00334
29961.61208	7.29223	1.67988	30	5109.91121	27.53037	3.38743E-4	-0.00207	-0.00207
33561.42403	7.32907	1.67985	30	5111.19657	30.31349	3.43893E-4	-8.39205E-4	-8.39205E-4
37161.38094	6.87248	1.67982	30	5112.47485	33.15676	3.63717E-4	6.8559E-4	6.8559E-4
40761.05415	7.40225	1.67981	30	5113.7461	35.96978	3.60877E-4	0.0012	0.0012
44360.99024	6.93924	1.67977	30	5115.01089	38.78731	3.62576E-4	2.70915E-4	2.70915E-4
47960.97283	6.52224	1.67972	30	5116.26649	41.57319	3.43759E-4	0.00151	0.00151
1212.34498	8.04118	1.68003	32.5	5099.02989	3.35772	1.70157E-4	0.0017	0.0017
4811.86293	9.22379	1.68003	32.5	5100.45691	6.97205	4.60684E-4	5.22802E-4	5.22802E-4
8412.48181	6.98239	1.67998	32.5	5102.01573	10.25956	4.00305E-4	2.90658E-4	2.90658E-4
12012.27954	7.25525	1.67996	32.5	5103.40566	13.22529	3.69998E-4	6.61728E-4	6.61728E-4
15612.47232	6.30203	1.67996	32.5	5104.72478	16.0937	3.79874E-4	4.25099E-4	4.25099E-4
19212.05389	7.18132	1.67996	32.5	5106.02518	18.93717	3.79393E-4	0.00146	0.00146
22811.87292	7.36074	1.67995	32.5	5107.32899	21.80732	3.71883E-4	0.00114	0.00114
26411.6194	7.69507	1.67992	32.5	5108.63355	24.67429	3.63891E-4	0.00263	0.00263
30011.5821	7.34579	1.67989	32.5	5109.9293	27.5515	3.63636E-4	-0.00123	-0.00123
33611.3814	7.47861	1.67986	32.5	5111.2143	30.36093	3.47243E-4	-4.39787E-4	-4.39787E-4
37211.37031	7.00927	1.67983	32.5	5112.49247	33.19242	3.59627E-4	8.25288E-4	8.25288E-4
40811.05489	7.38193	1.67981	32.5	5113.7637	36.00551	3.38617E-4	0.00125	0.00125
44410.99428	6.95548	1.67974	32.5	5115.02866	38.82154	3.52625E-4	8.20756E-4	8.20756E-4
48011.00094	6.35286	1.67966	32.5	5116.28364	41.61223	3.35014E-4	0.00103	0.00103
1262.32163	8.10383	1.68008	35	5099.03734	3.38874	1.93284E-4	0.00255	0.00255
4861.83186	9.3162	1.68007	35	5100.48012	7.0182	4.78468E-4	9.03049E-4	9.03049E-4
8462.47636	6.98447	1.68001	35	5102.03577	10.29885	4.22833E-4	3.72996E-5	3.72996E-5
12062.25694	7.3216	1.67997	35	5103.42434	13.26594	3.98073E-4	8.23343E-4	8.23343E-4
15662.44923	6.34969	1.68	35	5104.74306	16.13595	3.97094E-4	5.44181E-4	5.44181E-4
19262.02925	7.25482	1.68	35	5106.04315	18.97995	3.67659E-4	0.00187	0.00187
22861.81436	7.56484	1.67999	35	5107.34735	21.85171	3.75296E-4	7.46785E-4	7.46785E-4
26461.57028	7.83311	1.67995	35	5108.65149	24.72084	3.52931E-4	0.00167	0.00167
30061.55305	7.39305	1.67991	35	5109.94741	27.57131	3.89849E-4	-2.06127E-4	-2.06127E-4
33661.33738	7.63121	1.67989	35	5111.23202	30.40915	3.51722E-4	9.49545E-6	9.49545E-6
37261.36061	7.15132	1.67987	35	5112.51006	33.22758	3.5591E-4	0.00103	0.00103
40861.05616	7.35824	1.67984	35	5113.7813	36.04094	3.14948E-4	0.00128	0.00128
44460.99894	6.97356	1.67977	35	5115.04645	38.85527	3.4216E-4	0.0014	0.0014
48061.02945	6.17781	1.67969	35	5116.30078	41.65145	3.25451E-4	5.04877E-4	5.04877E-4
1312.30563	8.16749	1.68016	37.5	5099.04612	3.44511	1.84695E-4	0.00174	0.00174
4911.81925	9.35874	1.68015	37.5	5100.50326	7.07077	4.8414E-4	8.04594E-4	8.04594E-4
8512.4818	6.97093	1.6801	37.5	5102.05595	10.34047	4.22754E-4	-4.92621E-5	-4.92621E-5
12112.23559	7.38812	1.68007	37.5	5103.443	13.31115	3.8027E-4	7.81423E-4	7.81423E-4
15712.43126	6.42567	1.6801	37.5	5104.76115	16.17936	3.70433E-4	6.26853E-4	6.26853E-4
19312.01493	7.29419	1.68008	37.5	5106.0613	19.03064	3.67276E-4	0.00107	0.00107
22911.73216	7.78294	1.68003	37.5	5107.36532	21.89998	3.58193E-4	6.84206E-4	6.84206E-4
26511.53173	7.90287	1.68001	37.5	5108.66968	24.75052	3.36957E-4	0.00117	0.00117
30111.53751	7.41961	1.68	37.5	5109.96547	27.60387	3.58365E-4	6.50691E-4	6.50691E-4
33711.30525	7.71739	1.68	37.5	5111.2499	30.45359	3.56432E-4	-3.05207E-4	-3.05207E-4
37311.35514	7.20412	1.67999	37.5	5112.52779	33.2652	3.6356E-4	4.91237E-4	4.91237E-4
40911.04153	7.41424	1.67993	37.5	5113.79883	36.08526	3.30412E-4	7.05455E-4	7.05455E-4
44510.99169	7.01202	1.67992	37.5	5115.06384	38.89338	3.45085E-4	8.02047E-4	8.02047E-4
48111.06354	6.13523	1.67994	37.5	5116.31801	41.69357	3.4288E-4	4.8154E-4	4.8154E-4
1362.29004	8.2312	1.68027	40	5099.05498	3.50294	1.74289E-4	8.3305E-4	8.3305E-4
4961.80786	9.39797	1.68026	40	5100.52639	7.12377	4.89012E-4	6.74499E-4	6.74499E-4
8562.48777	6.95661	1.68023	40	5102.07615	10.38221	4.2156E-4	-1.27603E-4	-1.27603E-4
12162.21429	7.45465	1.68021	40	5103.46167	13.35659	3.60098E-4	7.28998E-4	7.28998E-4
15762.41352	6.50293	1.68022	40	5104.77923	16.22283	3.41808E-4	7.07895E-4	7.07895E-4
19362.00113	7.33181	1.6802	40	5106.07946	19.08173	3.67473E-4	2.01545E-4	2.01545E-4
22961.64871	8.00179	1.68014	40	5107.38327	21.94846	3.40007E-4	6.39342E-4	6.39342E-4
26561.49377	7.96887	1.68013	40	5108.68788	24.77926	3.20707E-4	6.94256E-4	6.94256E-4
30161.52266	7.44508	1.68013	40	5109.98353	27.63709	3.23885E-4	0.0015	0.0015
33761.27375	7.80004	1.68014	40	5111.26779	30.49783	3.61154E-4	-6.60527E-4	-6.60527E-4
37361.34987	7.25256	1.68012	40	5112.54553	33.30294	3.71766E-4	-8.32421E-5	-8.32421E-5
40961.02608	7.47437	1.68006	40	5113.81636	36.13003	3.47904E-4	9.60807E-5	9.60807E-5
44560.98385	7.05148	1.6801	40	5115.08121	38.93171	3.48668E-4	1.42223E-4	1.42223E-4
48161.09788	6.0985	1.68018	40	5116.33525	41.73582	3.61503E-4	4.80441E-4	4.80441E-4
1412.26499	8.28528	1.68042	42.5	5099.06555	3.54555	1.88193E-4	0.00105	0.00105
5011.79712	9.41818	1.68042	42.5	5100.54928	7.17301	4.72412E-4	5.96059E-4	5.96059E-4
8612.46404	7.05756	1.68041	42.5	5102.09634	10.42472	4.10545E-4	2.64532E-4	2.64532E-4
12212.19418	7.52448	1.68041	42.5	5103.48027	13.39659	3.71109E-4	6.82706E-4	6.82706E-4
15812.38262	6.57871	1.68041	42.5	5104.79756	16.25946	3.53743E-4	6.73642E-4	6.73642E-4
19411.9621	7.44939	1.68041	42.5	5106.09738	19.11003	3.58186E-4	1.38622E-4	1.38622E-4
23011.58525	8.19904	1.6804	42.5	5107.40134	21.97035	3.37286E-4	5.97178E-4	5.97178E-4
26611.49607	7.9268	1.68039	42.5	5108.70585	24.82579	3.51137E-4	9.04393E-4	9.04393E-4
30211.48954	7.51923	1.68038	42.5	5110.00123	27.68092	3.34995E-4	0.00118	0.00118
33811.24292	7.84739	1.68034	42.5	5111.28547	30.53319	3.66739E-4	2.36024E-5	2.36024E-5
37411.26379	7.38807	1.68031	42.5	5112.56328	33.34912	3.48926E-4	4.85774E-4	4.85774E-4
41011.02708	7.49629	1.68027	42.5	5113.83406	36.16369	3.51244E-4	4.64827E-4	4.64827E-4
44610.94635	7.09752	1.68032	42.5	5115.09894	38.9692	3.58762E-4	1.81254E-4	1.81254E-4
48211.08906	6.07688	1.68039	42.5	5116.35239	41.76963	3.52124E-4	6.15449E-5	6.15449E-5
1462.2394	8.3388	1.68064	45	5099.07622	3.58729	2.03506E-4	0.00134	0.00134
5061.78643	9.43712	1.68064	45	5100.57215	7.22201	4.54381E-4	5.21061E-4	5.21061E-4
8662.43886	7.16415	1.68064	45	5102.11653	10.46726	3.99049E-4	6.79681E-4	6.79681E-4
12262.17413	7.59449	1.68064	45	5103.49886	13.4363	3.83759E-4	6.36736E-4	6.36736E-4
15862.35112	6.65443	1.68063	45	5104.81591	16.29578	3.67515E-4	6.34165E-4	6.34165E-4
19461.92176	7.57109	1.68064	45	5106.11528	19.13716	3.48408E-4	1.17166E-4	1.17166E-4
23061.52291	8.39507	1.68065	45	5107.41941	21.99075	3.35439E-4	5.55165E-4	5.55165E-4
26661.50066	7.87863	1.68065	45	5108.72381	24.87332	3.84209E-4	0.00115	0.00115
30261.45546	7.59593	1.68064	45	5110.0189	27.72532	3.48502E-4	7.93742E-4	7.93742E-4
33861.21212	7.89281	1.68058	45	5111.30314	30.56807	3.7237E-4	7.6445E-4	7.6445E-4
37461.17373	7.52785	1.68055	45	5112.58102	33.39571	3.24563E-4	0.00111	0.00111
41061.02894	7.5162	1.68055	45	5113.85177	36.19677	3.53843E-4	8.84811E-4	8.84811E-4
44660.90738	7.14388	1.68059	45	5115.1167	39.00665	3.69176E-4	2.54682E-4	2.54682E-4
48261.07841	6.05589	1.68065	45	5116.36954	41.80309	3.41551E-4	-3.75164E-4	-3.75164E-4
1512.22414	8.38763	1.68097	47.5	5099.08797	3.63631	2.35379E-4	0.0012	0.0012
5111.77719	9.46188	1.68097	47.5	5100.59511	7.27034	4.6066E-4	7.84209E-4	7.84209E-4
8712.40452	7.23749	1.68096	47.5	5102.13629	10.51055	4.06962E-4	7.82212E-4	7.82212E-4
12312.12851	7.73167	1.68095	47.5	5103.51734	13.47534	3.90833E-4	7.40409E-4	7.40409E-4
15912.33614	6.70441	1.68092	47.5	5104.83368	16.33499	3.55413E-4	7.92535E-4	7.92535E-4
19511.89114	7.61223	1.68091	47.5	5106.13339	19.17849	3.49041E-4	0.00104	0.00104
23111.46453	8.56004	1.68089	47.5	5107.43752	22.03744	3.51254E-4	8.24764E-4	8.24764E-4
26711.50054	7.95136	1.68091	47.5	5108.74203	24.91936	3.8374E-4	0.00211	0.00211
30311.43525	7.62761	1.68094	47.5	5110.03672	27.76427	3.57982E-4	5.01287E-4	5.01287E-4
33911.1657	8.09322	1.68091	47.5	5111.32103	30.60575	3.76403E-4	5.12206E-4	5.12206E-4
37511.15653	7.56923	1.68091	47.5	5112.59851	33.43072	3.31096E-4	0.00161	0.00161
41110.98777	7.61648	1.68096	47.5	5113.86944	36.24403	3.46983E-4	9.21375E-4	9.21375E-4
44710.93724	7.1075	1.68099	47.5	5115.13409	39.05236	3.51044E-4	6.05952E-4	6.05952E-4
48311.06684	6.15464	1.68101	47.5	5116.3867	41.83884	3.4708E-4	-7.47859E-5	-7.47859E-5
1562.20949	8.43619	1.6813	50	5099.09978	3.68577	2.6823E-4	0.00103	0.00103
5161.76805	9.48703	1.6813	50	5100.61807	7.31863	4.68571E-4	0.00107	0.00107
8762.36971	7.30918	1.6813	50	5102.15603	10.55388	4.15845E-4	8.69103E-4	8.69103E-4
12362.08152	7.87243	1.68129	50	5103.53581	13.51433	3.97609E-4	8.52047E-4	8.52047E-4
15962.32192	6.75319	1.68127	50	5104.85144	16.37433	3.42102E-4	9.6014E-4	9.6014E-4
19561.86104	7.64907	1.68124	50	5106.15151	19.22057	3.50229E-4	0.00201	0.00201
23161.40637	8.72316	1.6812	50	5107.45562	22.08569	3.68113E-4	0.00111	0.00111
26761.50015	8.0309	1.68123	50	5108.76028	24.9653	3.81384E-4	0.00311	0.00311
30361.41579	7.65686	1.68128	50	5110.05455	27.80293	3.67246E-4	2.1373E-4	2.1373E-4
33961.1184	8.30227	1.68126	50	5111.33894	30.64359	3.80347E-4	2.04631E-4	2.04631E-4
37561.14319	7.6054	1.68128	50	5112.61599	33.46511	3.39265E-4	0.0021	0.0021
41160.94435	7.72095	1.68136	50	5113.88711	36.29203	3.39629E-4	9.37928E-4	9.37928E-4
44760.97061	7.06691	1.68139	50	5115.15147	39.09849	3.31457E-4	9.71375E-4	9.71375E-4
48361.05523	6.25855	1.68139	50	5116.40386	41.8747	3.533E-4	2.5728E-4	2.5728E-4
1612.21114	8.42911	1.68162	52.5	5099.11227	3.73107	2.61338E-4	0.00125	0.00125
5211.76467	9.49026	1.68163	52.5	5100.64096	7.36142	4.55296E-4	0.00102	0.00102
8812.33349	7.38439	1.68166	52.5	5102.176	10.59797	4.02282E-4	0.00112	0.00112
12412.05235	7.9266	1.68169	52.5	5103.55453	13.55476	3.87564E-4	0.0012	0.0012
16012.27273	6.83156	1.68172	52.5	5104.8695	16.40488	3.3985E-4	0.00121	0.00121
19611.80299	7.87078	1.6817	52.5	5106.1695	19.25866	3.53628E-4	0.00154	0.00154
23211.34424	8.88391	1.68166	52.5	5107.47377	22.12325	3.5957E-4	5.24616E-4	5.24616E-4
26811.47939	8.06662	1.68169	52.5	5108.77833	25.00353	3.75213E-4	0.00216	0.00216
30411.42185	7.68399	1.68173	52.5	5110.07258	27.8419	3.44385E-4	1.96553E-4	1.96553E-4
34011.09869	8.22566	1.68169	52.5	5111.35668	30.68175	3.6877E-4	1.34215E-4	1.34215E-4
37611.10931	7.71393	1.68169	52.5	5112.63377	33.49923	3.3689E-4	0.0021	0.0021
41210.92236	7.75697	1.68177	52.5	5113.90473	36.32552	3.38299E-4	5.52936E-4	5.52936E-4
44810.94616	7.12382	1.6818	52.5	5115.16893	39.13339	3.31705E-4	0.00115	0.00115
48411.02773	6.23051	1.6818	52.5	5116.42107	41.91612	3.54593E-4	4.98561E-4	4.98561E-4
1662.21377	8.41872	1.68199	55	5099.1248	3.77611	2.52078E-4	0.0015	0.0015
5261.76167	9.49202	1.68201	55	5100.66385	7.40384	4.40595E-4	9.45876E-4	9.45876E-4
8862.2972	7.45979	1.68206	55	5102.19598	10.6421	3.87561E-4	0.00138	0.00138
12462.02416	7.97598	1.68211	55	5103.57327	13.59526	3.76589E-4	0.00157	0.00157
16062.22189	6.91132	1.68215	55	5104.88758	16.435	3.38121E-4	0.00147	0.00147
19661.74341	8.1026	1.68215	55	5106.18748	19.29653	3.57149E-4	9.9227E-4	9.9227E-4
23261.28187	9.04451	1.68211	55	5107.49191	22.16014	3.49459E-4	-1.17622E-4	-1.17622E-4
26861.4575	8.09989	1.68214	55	5108.79638	25.04132	3.68827E-4	0.00111	0.00111
30461.4293	7.71099	1.68218	55	5110.09061	27.88089	3.19766E-4	1.94175E-4	1.94175E-4
34061.08058	8.13253	1.68214	55	5111.37441	30.71994	3.56296E-4	7.75144E-5	7.75144E-5
37661.07434	7.82632	1.68214	55	5112.65156	33.53335	3.33952E-4	0.00207	0.00207
41260.90153	7.7893	1.68221	55	5113.92235	36.35822	3.37295E-4	1.46258E-4	1.46258E-4
44860.91887	7.18553	1.68224	55	5115.1864	39.16774	3.3293E-4	0.00132	0.00132
48460.99955	6.19674	1.68227	55	5116.43828	41.95778	3.55671E-4	7.35903E-4	7.35903E-4
1712.21752	8.39782	1.68245	57.5	5099.1386	3.82986	2.81775E-4	0.00113	0.00113
5311.76969	9.46162	1.68247	57.5	5100.68667	7.45174	4.46327E-4	0.00113	0.00113
8912.26061	7.56157	1.68251	57.5	5102.21568	10.68658	3.90909E-4	0.00117	0.00117
12512.01569	7.99601	1.68254	57.5	5103.59183	13.63212	3.7903E-4	7.17164E-4	7.17164E-4
16112.1884	7.07309	1.68255	57.5	5104.90562	16.47965	3.60407E-4	0.00113	0.00113
19711.69173	8.25431	1.68255	57.5	5106.20539	19.33882	3.64813E-4	0.00133	0.00133
23311.24718	9.11375	1.68256	57.5	5107.51016	22.19666	3.58914E-4	8.73307E-4	8.73307E-4
26911.4204	8.20599	1.68259	57.5	5108.81438	25.08671	3.74528E-4	9.46412E-4	9.46412E-4
30511.40426	7.77685	1.68262	57.5	5110.10842	27.92634	3.43174E-4	6.34268E-4	6.34268E-4
34111.06685	8.24783	1.68263	57.5	5111.3922	30.76132	3.49715E-4	9.16162E-4	9.16162E-4
37711.01041	8.04382	1.68266	57.5	5112.66918	33.57403	3.34439E-4	0.00184	0.00184
41310.89561	7.75864	1.6827	57.5	5113.93981	36.40292	3.48137E-4	3.98296E-4	3.98296E-4
44910.8874	7.23776	1.68277	57.5	5115.20392	39.21182	3.56864E-4	0.00129	0.00129
48510.96203	6.37148	1.68285	57.5	5116.4557	42.00334	3.66799E-4	8.45285E-4	8.45285E-4
1762.22134	8.37629	1.68291	60	5099.15248	3.88413	3.13788E-4	7.16141E-4	7.16141E-4
5361.77844	9.42905	1.68293	60	5100.70948	7.5	4.53436E-4	0.00133	0.00133
8962.22401	7.66474	1.68297	60	5102.23537	10.73107	3.95214E-4	9.22013E-4	9.22013E-4
12562.00834	8.01439	1.68299	60	5103.61039	13.66878	3.8223E-4	-2.02224E-4	-2.02224E-4
16162.15577	7.2389	1.68297	60	5104.92366	16.52502	3.83878E-4	7.47065E-4	7.47065E-4
19761.6405	8.40145	1.68299	60	5106.2233	19.38137	3.72714E-4	0.00172	0.00172
23361.21428	9.17709	1.68303	60	5107.52843	22.23315	3.69629E-4	0.00197	0.00197
26961.38243	8.31624	1.68306	60	5108.83238	25.13254	3.80919E-4	8.35454E-4	8.35454E-4
30561.37746	7.84481	1.68309	60	5110.12621	27.97214	3.69189E-4	0.0011	0.0011
34161.05338	8.3753	1.68313	60	5111.41	30.80289	3.43479E-4	0.00181	0.00181
37760.94489	8.26708	1.68316	60	5112.6868	33.61508	3.35114E-4	0.00159	0.00159
41360.89052	7.72453	1.68318	60	5113.95726	36.44827	3.59628E-4	6.86445E-4	6.86445E-4
44960.85571	7.28951	1.68327	60	5115.22145	39.25639	3.81943E-4	0.00125	0.00125
48560.92409	6.5555	1.68339	60	5116.47313	42.04906	3.78375E-4	9.48972E-4	9.48972E-4
1812.22627	8.34632	1.68338	62.5	5099.16745	3.936	3.27898E-4	0.00131	0.00131
5411.76949	9.4643	1.68339	62.5	5100.73227	7.55822	4.50662E-4	8.28098E-4	8.28098E-4
9012.17209	7.84721	1.68344	62.5	5102.25528	10.76505	4.00131E-4	0.0011	0.0011
12611.98848	8.07128	1.68347	62.5	5103.62875	13.71177	3.67171E-4	1.67123E-4	1.67123E-4
16212.07014	7.53611	1.68348	62.5	5104.94204	16.57163	3.70226E-4	7.68879E-4	7.68879E-4
19811.58952	8.5325	1.68352	62.5	5106.24138	19.41706	3.72906E-4	8.07791E-4	8.07791E-4
23411.29579	8.91164	1.68357	62.5	5107.5465	22.27719	3.73468E-4	0.00173	0.00173
27011.361	8.36164	1.6836	62.5	5108.85046	25.16095	3.74159E-4	0.00112	0.00112
30611.36266	7.9211	1.68362	62.5	5110.14419	28.00543	3.6265E-4	0.00136	0.00136
34211.02097	8.42396	1.68362	62.5	5111.42792	30.83664	3.54712E-4	0.00188	0.00188
37810.90972	8.2918	1.68362	62.5	5112.70437	33.6633	3.44629E-4	7.59859E-4	7.59859E-4
41410.88464	7.77369	1.68362	62.5	5113.97489	36.48496	3.62503E-4	8.63612E-4	8.63612E-4
45010.84184	7.33479	1.68372	62.5	5115.23921	39.2907	3.74167E-4	0.00113	0.00113
48610.9018	6.63601	1.68384	62.5	5116.49052	42.08779	3.60856E-4	2.99626E-4	2.99626E-4
1862.23125	8.31584	1.68385	65	5099.18248	3.98773	3.40948E-4	0.00196	0.00196
5461.75936	9.5041	1.68386	65	5100.75507	7.6171	4.47227E-4	2.7902E-4	2.7902E-4
9062.11933	8.034	1.68391	65	5102.27521	10.79845	4.05081E-4	0.00131	0.00131
12661.96792	8.13036	1.68395	65	5103.64711	13.75513	3.51077E-4	6.0951E-4	6.0951E-4
16261.98181	7.83999	1.68399	65	5104.96043	16.61831	3.5469E-4	8.11007E-4	8.11007E-4
19861.53856	8.66261	1.68403	65	5106.25948	19.45235	3.72641E-4	-1.80774E-4	-1.80774E-4
23461.38482	8.62455	1.68408	65	5107.56456	22.32173	3.76853E-4	0.0014	0.0014
27061.34054	8.40323	1.68411	65	5108.86855	25.18833	3.66626E-4	0.00143	0.00143
30661.34853	7.99784	1.68413	65	5110.16217	28.03803	3.54308E-4	0.00162	0.00162
34260.98745	8.46796	1.68411	65	5111.44586	30.86994	3.66977E-4	0.0019	0.0019
37860.8763	8.30506	1.68411	65	5112.72194	33.71193	3.54654E-4	-1.02118E-4	-1.02118E-4
41460.87872	7.82743	1.68412	65	5113.99252	36.52118	3.64904E-4	0.00103	0.00103
45060.82888	7.37973	1.6842	65	5115.25699	39.32449	3.64695E-4	0.00101	0.00101
48660.88023	6.71174	1.6843	65	5116.50791	42.1262	3.41997E-4	-3.84403E-4	-3.84403E-4
1912.24318	8.28052	1.68431	67.5	5099.19845	4.02928	3.51005E-4	0.00169	0.00169
5511.77567	9.4212	1.68433	67.5	5100.77757	7.66455	4.42509E-4	6.88213E-4	6.88213E-4
9112.08233	8.14495	1.68437	67.5	5102.29495	10.8533	3.90152E-4	8.34919E-4	8.34919E-4
12711.94962	8.18208	1.68443	67.5	5103.66547	13.79499	3.72201E-4	9.26841E-4	9.26841E-4
16311.90725	7.99839	1.6845	67.5	5104.97835	16.653	3.61208E-4	8.21529E-4	8.21529E-4
19911.50502	8.77483	1.68454	67.5	5106.27747	19.49342	3.67942E-4	-7.17887E-6	-7.17887E-6
23511.39641	8.60658	1.68457	67.5	5107.58293	22.36327	3.78465E-4	0.00127	0.00127
27111.28658	8.51144	1.68457	67.5	5108.88665	25.22881	3.62506E-4	9.15741E-4	9.15741E-4
30711.31633	8.01639	1.68458	67.5	5110.17993	28.09787	3.66478E-4	0.00195	0.00195
34310.97039	8.55811	1.6846	67.5	5111.46336	30.90862	3.53601E-4	0.00136	0.00136
37910.87143	8.30211	1.68464	67.5	5112.73957	33.74246	3.53301E-4	-1.18144E-4	-1.18144E-4
41510.84937	7.94187	1.68469	67.5	5114.0103	36.56231	3.54554E-4	0.00111	0.00111
45110.8094	7.40915	1.68472	67.5	5115.27432	39.3655	3.60133E-4	9.61739E-4	9.61739E-4
48710.82689	6.85593	1.68476	67.5	5116.52492	42.16371	3.44945E-4	5.73822E-4	5.73822E-4
1962.25551	8.24491	1.68476	70	5099.21448	4.07023	3.60886E-4	0.00137	0.00137
5561.79376	9.33004	1.68478	70	5100.80005	7.71122	4.37704E-4	0.00116	0.00116
9162.04624	8.25159	1.68483	70	5102.31468	10.90938	3.7409E-4	3.21669E-4	3.21669E-4
12761.93145	8.23337	1.68489	70	5103.68384	13.83466	3.95468E-4	0.00124	0.00124
16361.83345	8.14883	1.68498	70	5104.99624	16.68704	3.68932E-4	8.30322E-4	8.30322E-4
19961.47256	8.88595	1.68502	70	5106.29544	19.53485	3.6297E-4	2.37945E-4	2.37945E-4
23561.40321	8.60523	1.68504	70	5107.60133	22.40463	3.79967E-4	0.00114	0.00114
27161.23063	8.62361	1.68504	70	5108.90475	25.27008	3.5859E-4	3.47269E-4	3.47269E-4
30761.28311	8.03169	1.68505	70	5110.19767	28.15924	3.79795E-4	0.00228	0.00228
34360.95432	8.65104	1.68511	70	5111.48084	30.94763	3.38677E-4	7.84197E-4	7.84197E-4
37960.86824	8.29821	1.68516	70	5112.75719	33.77191	3.51275E-4	-8.41815E-5	-8.41815E-5
41560.81873	8.05964	1.6852	70	5114.02808	36.60371	3.43501E-4	0.00118	0.00118
45160.78958	7.43776	1.68523	70	5115.29164	39.4069	3.55828E-4	9.19281E-4	9.19281E-4
48760.77206	7.00333	1.68525	70	5116.54192	42.20118	3.48916E-4	0.00161	0.00161
2012.26453	8.21946	1.6852	72.5	5099.23122	4.12113	3.53848E-4	9.42044E-4	9.42044E-4
5611.83018	9.22143	1.68522	72.5	5100.82272	7.7538	4.40249E-4	0.00102	0.00102
9212.01259	8.33854	1.6853	72.5	5102.33424	10.94553	3.63761E-4	2.56006E-4	2.56006E-4
12811.9167	8.26409	1.68536	72.5	5103.70235	13.88081	3.73784E-4	0.00154	0.00154
16411.78679	8.29182	1.68541	72.5	5105.01445	16.72879	3.77686E-4	2.15354E-4	2.15354E-4
20011.44371	8.9632	1.68546	72.5	5106.3135	19.58008	3.78506E-4	7.36283E-4	7.36283E-4
23611.36776	8.72789	1.68551	72.5	5107.61932	22.44343	3.68885E-4	0.00103	0.00103
27211.24485	8.62085	1.68552	72.5	5108.92267	25.31367	3.43148E-4	3.04458E-4	3.04458E-4
30811.26192	8.10264	1.68554	72.5	5110.21571	28.18584	3.81804E-4	0.0016	0.0016
34410.92798	8.70961	1.68563	72.5	5111.49851	30.98848	3.44987E-4	6.42489E-4	6.42489E-4
38010.87828	8.2669	1.68566	72.5	5112.77492	33.81044	3.57441E-4	9.36248E-5	9.36248E-5
41610.79012	8.07852	1.68561	72.5	5114.04557	36.64062	3.48956E-4	4.34365E-4	4.34365E-4
45210.77655	7.46787	1.68571	72.5	5115.30917	39.4487	3.57864E-4	3.06263E-4	3.06263E-4
48810.72758	7.10189	1.6858	72.5	5116.55938	42.24239	3.48019E-4	0.0015	0.0015
2062.27336	8.1946	1.68563	75	5099.24799	4.1726	3.45824E-4	5.065E-4	5.065E-4
5661.86781	9.11167	1.68566	75	5100.84541	7.79611	4.43282E-4	8.35193E-4	8.35193E-4
9261.97909	8.42435	1.68574	75	5102.35379	10.98052	3.53766E-4	2.16447E-4	2.16447E-4
12861.90215	8.29361	1.6858	75	5103.72086	13.92735	3.49475E-4	0.00185	0.00185
16461.7417	8.43439	1.68583	75	5105.03268	16.77097	3.865E-4	-4.35642E-4	-4.35642E-4
20061.41509	9.03832	1.68588	75	5106.33156	19.62554	3.95332E-4	0.00125	0.00125
23661.32971	8.85814	1.68594	75	5107.63729	22.48207	3.57032E-4	9.22673E-4	9.22673E-4
27261.26342	8.61096	1.68597	75	5108.94057	25.35741	3.26993E-4	2.94215E-4	2.94215E-4
30861.24142	8.17678	1.68601	75	5110.23376	28.21044	3.83166E-4	8.69976E-4	8.69976E-4
34460.90102	8.76609	1.6861	75	5111.5162	31.02946	3.52592E-4	5.27303E-4	5.27303E-4
38060.88911	8.23397	1.68612	75	5112.79266	33.8495	3.6409E-4	2.79935E-4	2.79935E-4
41660.76162	8.09182	1.68606	75	5114.06304	36.67727	3.55341E-4	-3.57123E-4	-3.57123E-4
45260.76389	7.49806	1.68617	75	5115.32671	39.49053	3.60235E-4	-3.36916E-4	-3.36916E-4
48860.68361	7.19804	1.68629	75	5116.57686	42.28379	3.46884E-4	0.00133	0.00133
2112.28285	8.15494	1.68607	77.5	5099.26557	4.22309	3.55282E-4	0.00103	0.00103
5711.89802	9.08532	1.68609	77.5	5100.86793	7.84275	4.40395E-4	9.5032E-4	9.5032E-4
9311.95754	8.4977	1.68615	77.5	5102.37332	11.02279	3.82939E-4	3.38421E-4	3.38421E-4
12911.8909	8.31904	1.68619	77.5	5103.73923	13.96003	3.58939E-4	0.00198	0.00198
16511.69821	8.55687	1.68624	77.5	5105.05067	16.81481	3.81045E-4	3.28101E-5	3.28101E-5
20111.38552	9.10276	1.68628	77.5	5106.3498	19.66239	3.85696E-4	9.51013E-4	9.51013E-4
23711.29674	8.9579	1.68632	77.5	5107.65528	22.52428	3.3644E-4	0.00105	0.00105
27311.25285	8.64922	1.68639	77.5	5108.95854	25.39598	3.38222E-4	5.7966E-4	5.7966E-4
30911.23183	8.17359	1.68644	77.5	5110.25147	28.23976	3.70426E-4	9.91817E-4	9.91817E-4
34510.88953	8.78335	1.68648	77.5	5111.53379	31.06809	3.34381E-4	5.72017E-4	5.72017E-4
38110.89646	8.19515	1.68651	77.5	5112.81026	33.89514	3.63349E-4	6.25992E-4	6.25992E-4
41710.77314	8.00567	1.68654	77.5	5114.08061	36.71179	3.57085E-4	2.77315E-4	2.77315E-4
45310.73573	7.58522	1.68661	77.5	5115.34433	39.53231	3.56275E-4	1.46107E-4	1.46107E-4
48910.62685	7.34968	1.68668	77.5	5116.59412	42.31155	3.43354E-4	7.94591E-4	7.94591E-4
2162.29238	8.11443	1.68639	80	5099.28319	4.27351	3.65752E-4	0.00161	0.00161
5761.92774	9.06437	1.68646	80	5100.89045	7.88968	4.37125E-4	0.00108	0.00108
9361.93671	8.57031	1.68648	80	5102.39284	11.0655	4.14454E-4	4.7006E-4	4.7006E-4
12961.87984	8.34423	1.68654	80	5103.75758	13.9919	3.70391E-4	0.00211	0.00211
16561.65481	8.67815	1.68654	80	5105.06864	16.85875	3.74737E-4	5.68185E-4	5.68185E-4
20161.35589	9.16651	1.68665	80	5106.36804	19.69868	3.74362E-4	5.99234E-4	5.99234E-4
23761.26408	9.05575	1.68669	80	5107.67328	22.56671	3.15298E-4	0.00119	0.00119
27361.2405	8.69042	1.68676	80	5108.97651	25.43423	3.51122E-4	8.83144E-4	8.83144E-4
30961.22287	8.16589	1.68682	80	5110.26917	28.26935	3.56865E-4	0.00116	0.00116
34560.879	8.79818	1.68681	80	5111.55137	31.10657	3.14566E-4	6.26667E-4	6.26667E-4
38160.90361	8.15599	1.68688	80	5112.82786	33.94117	3.62176E-4	9.81397E-4	9.81397E-4
41760.78696	7.9138	1.68695	80	5114.09819	36.74619	3.58562E-4	9.93753E-4	9.93753E-4
45360.70674	7.67543	1.68696	80	5115.36196	39.57408	3.51977E-4	6.89298E-4	6.89298E-4
48960.56943	7.50414	1.68702	80	5116.61136	42.33861	3.39702E-4	2.40593E-4	2.40593E-4
2212.30458	8.05484	1.68666	82.5	5099.30157	4.32293	3.77619E-4	0.00133	0.00133
5811.94873	8.91479	1.68676	82.5	5100.91271	7.93154	4.45761E-4	0.00114	0.00114
9411.90797	8.62324	1.68677	82.5	5102.41259	11.11042	4.11982E-4	0.00117	0.00117
13011.86769	8.37649	1.68685	82.5	5103.77596	14.03407	3.70397E-4	5.64027E-4	5.64027E-4
16611.61976	8.80666	1.68685	82.5	5105.08684	16.89275	3.78651E-4	0.00119	0.00119
20211.3468	9.1916	1.68694	82.5	5106.38609	19.74188	3.48592E-4	4.61712E-4	4.61712E-4
23811.23825	9.10565	1.68705	82.5	5107.69154	22.60178	3.38517E-4	0.0011	0.0011
27411.23333	8.68989	1.68707	82.5	5108.99454	25.47216	3.6301E-4	6.13447E-4	6.13447E-4
31011.20992	8.22221	1.68712	82.5	5110.28727	28.31648	3.47934E-4	9.32942E-4	9.32942E-4
34610.86832	8.79522	1.6871	82.5	5111.56918	31.14776	3.41656E-4	5.60184E-4	5.60184E-4
38210.91485	8.14179	1.68721	82.5	5112.84568	33.97608	3.70786E-4	0.00113	0.00113
41810.79786	7.92577	1.68729	82.5	5114.11595	36.78799	3.57906E-4	9.50633E-4	9.50633E-4
45410.67708	7.75183	1.68724	82.5	5115.37968	39.61075	3.65157E-4	0.00106	0.00106
49010.54542	7.57149	1.68732	82.5	5116.62877	42.38049	3.48984E-4	1.74881E-4	1.74881E-4
2262.31695	7.99415	1.68692	85	5099.31998	4.37229	3.89567E-4	9.94616E-4	9.94616E-4
5861.96916	8.75705	1.687	85	5100.93496	7.97308	4.55151E-4	0.00119	0.00119
9461.87874	8.67497	1.68705	85	5102.43235	11.15548	4.07444E-4	0.0019	0.0019
13061.85546	8.40917	1.68712	85	5103.79433	14.07684	3.69724E-4	-0.00108	-0.00108
16661.58523	8.93562	1.68715	85	5105.10506	16.92615	3.83195E-4	0.00181	0.00181
20261.33906	9.21416	1.6872	85	5106.40413	19.78553	3.21879E-4	3.38207E-4	3.38207E-4
23861.21286	9.15247	1.68733	85	5107.70982	22.63636	3.64592E-4	9.84318E-4	9.84318E-4
27461.22647	8.68679	1.68734	85	5109.01258	25.51007	3.74835E-4	3.08465E-4	3.08465E-4
31061.19674	8.28227	1.68738	85	5110.3054	28.36464	3.39272E-4	6.78917E-4	6.78917E-4
34660.85763	8.79115	1.68738	85	5111.587	31.18911	3.71678E-4	4.86131E-4	4.86131E-4
38260.92633	8.12904	1.68748	85	5112.86351	34.01034	3.79965E-4	0.00128	0.00128
41860.80859	7.94365	1.68755	85	5114.13372	36.83022	3.5713E-4	8.64387E-4	8.64387E-4
45460.64738	7.82747	1.68753	85	5115.39741	39.64714	3.79289E-4	0.00143	0.00143
49060.5232	7.63419	1.6876	85	5116.64618	42.42316	3.58957E-4	1.35273E-4	1.35273E-4
2312.36777	7.83178	1.68709	87.5	5099.33895	4.41923	3.73396E-4	0.00105	0.00105
5912.02202	8.57477	1.68716	87.5	5100.95732	8.02407	4.41702E-4	8.08679E-4	8.08679E-4
9511.86591	8.67588	1.68721	87.5	5102.45204	11.1868	4.05854E-4	9.84721E-4	9.84721E-4
13111.84404	8.43593	1.6873	87.5	5103.81283	14.1091	3.68572E-4	-3.35783E-4	-3.35783E-4
16711.52002	9.09477	1.68733	87.5	5105.12301	16.96555	3.6875E-4	0.00146	0.00146
20311.33976	9.19601	1.68737	87.5	5106.42224	19.81606	3.38861E-4	4.10981E-4	4.10981E-4
23911.20876	9.15985	1.68749	87.5	5107.72791	22.68039	3.56311E-4	0.00118	0.00118
27511.19764	8.76049	1.68749	87.5	5109.03054	25.54928	3.55346E-4	1.93779E-4	1.93779E-4
31111.18346	8.2936	1.68757	87.5	5110.32299	28.39931	3.47241E-4	7.75764E-4	7.75764E-4
34710.89865	8.66263	1.68757	87.5	5111.60486	31.2314	3.77621E-4	5.10925E-4	5.10925E-4
38310.93368	8.09197	1.68768	87.5	5112.88108	34.04727	3.69445E-4	0.00102	0.00102
41910.79785	7.94106	1.68774	87.5	5114.15118	36.8689	3.52953E-4	9.23238E-4	9.23238E-4
45510.62795	7.88774	1.68771	87.5	5115.41494	39.68153	3.61656E-4	0.00133	0.00133
49110.49327	7.72505	1.68784	87.5	5116.66342	42.46434	3.54982E-4	7.08881E-4	7.08881E-4
2362.42077	7.66364	1.68724	90	5099.35795	4.46604	3.5563E-4	0.00112	0.00112
5962.07691	8.39095	1.68731	90	5100.97968	8.07564	4.26832E-4	4.05246E-4	4.05246E-4
9561.85409	8.67365	1.68735	90	5102.47173	11.21727	4.04447E-4	-3.53454E-5	-3.53454E-5
13161.83265	8.46233	1.68744	90	5103.83133	14.14074	3.6739E-4	5.54893E-4	5.54893E-4
16761.45287	9.25582	1.68747	90	5105.14095	17.00533	3.53106E-4	0.00105	0.00105
20361.34101	9.17518	1.68751	90	5106.44036	19.84573	3.58712E-4	4.96643E-4	4.96643E-4
23961.20605	9.16465	1.68763	90	5107.746	22.72504	3.45785E-4	0.0014	0.0014
27561.16745	8.83892	1.68762	90	5109.04849	25.58858	3.33925E-4	9.08237E-5	9.08237E-5
31161.17017	8.30205	1.68772	90	5110.34054	28.43319	3.56191E-4	8.93294E-4	8.93294E-4
34760.94292	8.52628	1.68773	90	5111.62272	31.27375	3.82052E-4	5.41933E-4	5.41933E-4
38360.94078	8.05349	1.68784	90	5112.89864	34.08435	3.57791E-4	7.47059E-4	7.47059E-4
41960.78591	7.93733	1.68788	90	5114.16861	36.90738	3.48584E-4	9.90242E-4	9.90242E-4
45560.60909	7.94716	1.68786	90	5115.43246	39.7158	3.4225E-4	0.00121	0.00121
49160.46292	7.81743	1.68801	90	5116.68066	42.50545	3.50248E-4	0.00132	0.00132