Tsys	Out1	Out2	In1	In2	In3	In4	In5	In6
2364.84277	-4.34136	1.68399	-90	5090.58363	4.58471	3.71277E-4	0.00113	0.00132
5964.81425	-4.52228	1.68411	-90	5092.08024	8.17615	4.0563E-4	0.00103	3.63327E-4
9564.7339	-4.63998	1.68448	-90	5093.44904	11.31503	3.66897E-4	7.363E-4	0.00157
13164.79893	-5.18301	1.6848	-90	5094.70046	14.23037	3.76335E-4	-6.96032E-5	8.29136E-5
16764.57814	-4.8762	1.68521	-90	5095.90643	17.08063	3.05732E-4	3.44477E-4	7.20207E-4
20364.38188	-4.64981	1.68548	-90	5097.10339	19.90462	3.15508E-4	-0.00133	4.60932E-4
23964.29098	-4.79658	1.68583	-90	5098.3074	22.77942	3.32894E-4	-0.00187	1.1436E-4
27564.24729	-5.12046	1.68627	-90	5099.5078	25.68093	3.57316E-4	0.00242	0.00101
31164.05504	-5.02475	1.68659	-90	5100.69943	28.52149	3.3014E-4	0.00291	9.2004E-4
34763.84708	-4.87358	1.68704	-90	5101.88153	31.30846	3.58386E-4	5.38894E-4	6.1068E-4
38363.68264	-4.85598	1.68725	-90	5103.05793	34.16343	2.96126E-4	0.00196	7.78178E-4
41963.50781	-4.90355	1.6876	-90	5104.22973	36.98339	3.05055E-4	8.30345E-4	0.0013
45563.24614	-4.59502	1.68805	-90	5105.39546	39.79035	3.45455E-4	0.00145	8.25804E-4
49163.18384	-4.99416	1.68832	-90	5106.54707	42.57582	3.04324E-4	0.00132	0.00114
2414.83816	-4.31804	1.68133	-87.5	5090.60217	4.63167	3.89376E-4	9.46735E-4	0.00109
6014.79018	-4.45487	1.6815	-87.5	5092.10024	8.22735	3.95758E-4	8.52394E-4	6.91149E-4
9614.747	-4.6581	1.6819	-87.5	5093.46703	11.36265	3.73492E-4	5.98222E-4	0.00143
13214.81917	-5.25471	1.68214	-87.5	5094.71737	14.27006	3.55181E-4	4.46581E-4	6.71876E-4
16814.58846	-4.90736	1.68253	-87.5	5095.92293	17.12303	3.15431E-4	2.64776E-4	9.32436E-4
20414.39492	-4.70048	1.68282	-87.5	5097.11986	19.95625	3.25644E-4	-8.6354E-5	9.65819E-4
24014.29788	-4.83474	1.68315	-87.5	5098.3241	22.83074	3.43005E-4	4.37497E-5	5.56502E-4
27614.26077	-5.16044	1.68358	-87.5	5099.52448	25.70459	3.47923E-4	0.00182	8.85685E-4
31214.06566	-5.02834	1.68391	-87.5	5100.71579	28.54897	3.10974E-4	0.00148	0.00116
34813.86384	-4.92193	1.68435	-87.5	5101.89777	31.35815	3.49342E-4	9.51315E-4	8.21881E-4
38413.6882	-4.86887	1.68458	-87.5	5103.07404	34.19789	3.07799E-4	-3.68704E-4	5.38373E-4
42013.52591	-4.93991	1.68495	-87.5	5104.24584	37.02001	3.13922E-4	6.87614E-4	0.00126
45613.25286	-4.67473	1.68532	-87.5	5105.41188	39.83169	3.38547E-4	0.00134	5.27232E-4
49213.18599	-4.99612	1.68569	-87.5	5106.5631	42.6091	3.12516E-4	0.00117	9.25359E-4
2464.83355	-4.29468	1.6786	-85	5090.62072	4.67861	4.07488E-4	7.64731E-4	8.58291E-4
6064.76605	-4.3873	1.67886	-85	5092.12024	8.27859	3.85896E-4	6.70731E-4	0.00102
9664.76012	-4.6762	1.67931	-85	5093.48503	11.41027	3.80073E-4	4.6055E-4	0.00129
13264.83942	-5.32633	1.67945	-85	5094.73429	14.30976	3.34053E-4	9.61755E-4	0.00126
16864.59877	-4.93849	1.67983	-85	5095.93942	17.16543	3.25116E-4	1.86014E-4	0.00114
20464.40797	-4.75115	1.6801	-85	5097.13632	20.00789	3.35798E-4	0.00116	0.00147
24064.3048	-4.8729	1.68042	-85	5098.3408	22.88206	3.53105E-4	0.00196	9.98576E-4
27664.27416	-5.20013	1.68086	-85	5099.54117	25.72832	3.38532E-4	0.00122	7.62611E-4
31264.07623	-5.0319	1.68119	-85	5100.73215	28.57652	2.91867E-4	5.03288E-5	0.0014
34863.88059	-4.97024	1.68163	-85	5101.91402	31.40782	3.40309E-4	0.00136	0.00103
38463.69376	-4.88177	1.68188	-85	5103.09014	34.23237	3.19476E-4	-0.0027	2.98963E-4
42063.54398	-4.97622	1.68227	-85	5104.26195	37.05664	3.2277E-4	5.45465E-4	0.00121
45663.2596	-4.7545	1.68257	-85	5105.42829	39.87303	3.31634E-4	0.00122	2.28483E-4
49263.18809	-4.99792	1.68301	-85	5106.57914	42.64239	3.20698E-4	0.00103	7.11068E-4
2514.83209	-4.27743	1.67586	-82.5	5090.63923	4.72954	3.74738E-4	8.86148E-4	8.27434E-4
6114.76935	-4.40555	1.67613	-82.5	5092.1407	8.31637	4.06081E-4	6.373E-4	0.00116
9714.76437	-4.7103	1.67652	-82.5	5093.50314	11.44686	3.83765E-4	7.29456E-4	0.00117
13314.86424	-5.37351	1.67663	-82.5	5094.75114	14.35296	3.20851E-4	0.00118	0.00115
16914.60494	-4.9504	1.67706	-82.5	5095.95593	17.20587	3.22853E-4	9.72803E-4	9.99808E-4
20514.42554	-4.79932	1.67734	-82.5	5097.15319	20.04707	3.23495E-4	9.15874E-4	0.00122
24114.32328	-4.9084	1.67763	-82.5	5098.3575	22.91393	3.46623E-4	0.00182	0.00134
27714.25748	-5.14407	1.67804	-82.5	5099.55781	25.77185	3.29729E-4	8.84776E-4	9.12579E-4
31314.06706	-5.02699	1.67835	-82.5	5100.74857	28.6385	3.00697E-4	5.53137E-4	0.00153
34913.89212	-4.99502	1.67874	-82.5	5101.93043	31.45321	3.38363E-4	-4.87149E-5	0.00101
38513.69542	-4.90388	1.67902	-82.5	5103.10661	34.28198	3.34121E-4	-0.00178	4.19453E-4
42113.54844	-4.98027	1.67939	-82.5	5104.27808	37.09334	3.20764E-4	7.45344E-4	6.63107E-4
45713.26281	-4.72627	1.6797	-82.5	5105.44445	39.90922	3.29852E-4	9.27358E-4	3.28045E-4
49313.16018	-4.92606	1.68015	-82.5	5106.5951	42.68886	3.24383E-4	6.42506E-4	8.51824E-4
2564.83064	-4.26022	1.67311	-80	5090.65774	4.78049	3.41818E-4	0.00101	7.97251E-4
6164.77273	-4.42404	1.67334	-80	5092.16117	8.35412	4.26347E-4	6.04266E-4	0.0013
9764.76862	-4.7444	1.67364	-80	5093.52125	11.48345	3.87456E-4	9.98603E-4	0.00105
13364.88898	-5.42062	1.67376	-80	5094.76798	14.39612	3.0775E-4	0.0014	0.00105
16964.61111	-4.96231	1.67428	-80	5095.97243	17.24629	3.20613E-4	0.00176	8.54901E-4
20564.44312	-4.84748	1.67455	-80	5097.17005	20.08625	3.11214E-4	6.75812E-4	9.6163E-4
24164.34175	-4.94389	1.67481	-80	5098.3742	22.9458	3.40145E-4	0.00167	0.00169
27764.24086	-5.08819	1.6752	-80	5099.57444	25.81537	3.2094E-4	5.44038E-4	0.00106
31364.05791	-5.02207	1.67546	-80	5100.76499	28.70041	3.09511E-4	0.00106	0.00165
34963.90366	-5.0198	1.67581	-80	5101.94684	31.49854	3.36401E-4	-0.00145	9.82312E-4
38563.69708	-4.92594	1.67609	-80	5103.12307	34.33157	3.48727E-4	-8.63287E-4	5.40098E-4
42163.55289	-4.98439	1.67643	-80	5104.29421	37.13003	3.18724E-4	9.45166E-4	1.21868E-4
45763.26601	-4.698	1.67677	-80	5105.4606	39.94541	3.28071E-4	6.34204E-4	4.27761E-4
49363.13234	-4.85435	1.67726	-80	5106.61105	42.73531	3.28064E-4	2.52365E-4	9.92275E-4
2614.81854	-4.17673	1.67038	-77.5	5090.67672	4.83423	3.76429E-4	0.00109	7.02803E-4
6214.78306	-4.43502	1.6706	-77.5	5092.18126	8.39846	4.04236E-4	0.0014	0.00114
9814.77726	-4.76127	1.67088	-77.5	5093.53919	11.5299	3.68353E-4	9.88101E-4	0.00119
13414.89544	-5.45325	1.67099	-77.5	5094.78468	14.42929	3.17572E-4	0.00224	0.00109
17014.6176	-4.97174	1.67147	-77.5	5095.98914	17.27096	3.34183E-4	1.13341E-4	4.06361E-4
20614.45822	-4.87234	1.67175	-77.5	5097.18644	20.12779	3.34058E-4	-3.30209E-4	7.05434E-4
24214.34761	-4.96216	1.67201	-77.5	5098.39102	22.98279	3.3633E-4	0.00125	0.00118
27814.2497	-5.10391	1.67236	-77.5	5099.59087	25.85686	3.17239E-4	-5.45258E-5	9.73815E-4
31414.05641	-5.00774	1.67262	-77.5	5100.78149	28.7269	3.0985E-4	0.00105	0.00155
35013.91759	-5.05096	1.67294	-77.5	5101.96301	31.51531	3.26858E-4	-7.42265E-4	6.22582E-4
38613.6996	-4.91781	1.6732	-77.5	5103.13937	34.36249	3.34672E-4	6.70708E-4	7.73772E-4
42213.55298	-5.02495	1.67351	-77.5	5104.3105	37.16138	2.99868E-4	0.00112	4.8272E-4
45813.2711	-4.70314	1.67386	-77.5	5105.47651	39.99097	3.3792E-4	7.7284E-4	5.43136E-4
49413.1627	-4.92628	1.67428	-77.5	5106.62711	42.7723	3.29535E-4	-2.73449E-4	8.48032E-4
2664.8064	-4.09303	1.66769	-75	5090.69571	4.88798	4.1127E-4	0.00117	6.08136E-4
6264.79339	-4.44598	1.66788	-75	5092.20134	8.44282	3.82025E-4	0.00219	9.81003E-4
9864.78591	-4.77814	1.66817	-75	5093.55714	11.57635	3.49247E-4	9.7749E-4	0.00134
13464.90191	-5.48571	1.66833	-75	5094.80138	14.4625	3.27369E-4	0.00306	0.00114
17064.62409	-4.98115	1.66867	-75	5096.00584	17.29567	3.47695E-4	-0.00153	-4.04249E-5
20664.4733	-4.8972	1.66898	-75	5097.20283	20.16932	3.56834E-4	-0.00133	4.49414E-4
24264.35347	-4.98041	1.66922	-75	5098.40784	23.01982	3.3253E-4	8.28635E-4	6.78059E-4
27864.25851	-5.11959	1.66953	-75	5099.6073	25.89835	3.1362E-4	-6.5323E-4	8.85332E-4
31464.0549	-4.99335	1.66981	-75	5100.79799	28.75343	3.1021E-4	0.00105	0.00144
35063.9315	-5.08206	1.67011	-75	5101.97919	31.53211	3.17382E-4	-3.05874E-5	2.64328E-4
38663.70212	-4.9097	1.67036	-75	5103.15566	34.39343	3.20649E-4	0.0022	0.00101
42263.5531	-5.06538	1.67064	-75	5104.32679	37.19276	2.81095E-4	0.00129	8.42184E-4
45863.27619	-4.7083	1.67096	-75	5105.49242	40.03653	3.47765E-4	9.11468E-4	6.58505E-4
49463.193	-4.99803	1.6713	-75	5106.64317	42.80931	3.30995E-4	-7.94572E-4	7.03973E-4
2714.78767	-4.06081	1.66506	-72.5	5090.71536	4.94078	4.0838E-4	0.00105	9.86737E-4
6314.79923	-4.44722	1.66523	-72.5	5092.22163	8.48821	4.01231E-4	0.0011	0.001
9914.79523	-4.78937	1.66552	-72.5	5093.5749	11.61838	3.66895E-4	8.23882E-4	0.00102
13514.90822	-5.48218	1.6657	-72.5	5094.8183	14.50297	3.32132E-4	0.00194	0.00126
17114.62501	-4.97533	1.66598	-72.5	5096.02256	17.34228	3.26901E-4	-8.84027E-4	5.48934E-4
20714.47919	-4.91498	1.66626	-72.5	5097.21977	20.20526	3.30641E-4	6.50772E-4	3.21763E-4
24314.35884	-4.98613	1.66649	-72.5	5098.42461	23.08664	3.37415E-4	0.00276	9.47927E-4
27914.25806	-5.12386	1.66678	-72.5	5099.62391	25.93903	3.39291E-4	-0.0013	6.7859E-4
31514.04991	-4.95026	1.66704	-72.5	5100.81434	28.79999	3.21353E-4	0.0011	0.00104
35113.94038	-5.09322	1.66735	-72.5	5101.99547	31.55837	3.33454E-4	6.08853E-4	4.62277E-4
38713.69945	-4.91615	1.66759	-72.5	5103.17197	34.43458	3.2899E-4	0.00132	6.91109E-4
42313.56247	-5.04215	1.66778	-72.5	5104.34315	37.24183	3.01964E-4	0.00159	5.36035E-4
45913.29095	-4.79072	1.66809	-72.5	5105.50881	40.07229	3.3933E-4	9.11713E-4	7.49526E-4
49513.19727	-4.99797	1.66852	-72.5	5106.65934	42.8516	3.2833E-4	6.48787E-4	6.36947E-4
2764.76892	-4.02878	1.6625	-70	5090.73502	4.99358	4.0535E-4	9.27167E-4	0.00137
6364.80506	-4.44844	1.66263	-70	5092.24191	8.53361	4.20516E-4	1.15152E-5	0.00102
9964.80455	-4.8006	1.6629	-70	5093.59266	11.66041	3.84521E-4	6.70402E-4	7.13041E-4
13564.91446	-5.47845	1.6631	-70	5094.83523	14.54346	3.36825E-4	8.2061E-4	0.00137
17164.62592	-4.96949	1.66335	-70	5096.03927	17.38888	3.06184E-4	-2.43604E-4	0.00114
20764.48508	-4.93274	1.6636	-70	5097.23672	20.2412	3.04499E-4	0.00263	1.93819E-4
24364.36421	-4.99182	1.66381	-70	5098.44138	23.15331	3.42301E-4	0.00468	0.00122
27964.25761	-5.12806	1.6641	-70	5099.64052	25.97967	3.64859E-4	-0.00193	4.72677E-4
31564.04491	-4.90718	1.66434	-70	5100.83068	28.84652	3.32453E-4	0.00114	6.48149E-4
35163.94932	-5.1046	1.66465	-70	5102.01175	31.58479	3.49432E-4	0.00124	6.60241E-4
38763.6968	-4.92259	1.66487	-70	5103.18828	34.47573	3.37306E-4	4.40156E-4	3.76336E-4
42363.57183	-5.01896	1.66495	-70	5104.3595	37.29087	3.22768E-4	0.00188	2.31123E-4
45963.30572	-4.87307	1.66526	-70	5105.5252	40.10803	3.30906E-4	9.11651E-4	8.4016E-4
49563.20155	-4.99796	1.66583	-70	5106.6755	42.89387	3.2564E-4	0.00209	5.69969E-4
2814.77051	-4.01028	1.66005	-67.5	5090.75495	5.04371	4.04707E-4	0.00109	0.00122
6414.8059	-4.44521	1.66018	-67.5	5092.26198	8.58774	3.86055E-4	6.50292E-4	9.46835E-4
10014.81032	-4.79671	1.66042	-67.5	5093.6107	11.69677	3.59721E-4	7.74177E-4	4.90264E-4
13614.90764	-5.43605	1.66059	-67.5	5094.85218	14.59025	3.27705E-4	0.00118	9.41988E-4
17214.62409	-4.95386	1.66083	-67.5	5096.05569	17.42819	3.2754E-4	-2.19836E-4	9.96212E-4
20814.49114	-4.93809	1.66105	-67.5	5097.25315	20.27726	3.07899E-4	0.00135	-1.05017E-4
24414.36765	-4.98165	1.66123	-67.5	5098.45802	23.14954	3.47837E-4	0.00413	8.89283E-4
28014.25889	-5.10825	1.66151	-67.5	5099.65719	26.00725	3.55854E-4	0.00306	5.45174E-4
31614.03137	-4.86881	1.66172	-67.5	5100.84752	28.87116	3.19531E-4	-9.31506E-4	6.88414E-4
35213.97746	-5.18133	1.66202	-67.5	5102.02826	31.65783	3.35704E-4	8.10587E-5	8.62563E-4
38813.70925	-4.92814	1.66222	-67.5	5103.20459	34.51731	3.29625E-4	0.00116	5.51973E-4
42413.57734	-5.0123	1.6623	-67.5	5104.37561	37.32737	3.18664E-4	0.00109	4.09019E-4
46013.32207	-4.87812	1.66256	-67.5	5105.5413	40.13111	3.34122E-4	5.82983E-4	5.17511E-4
49613.20677	-5.01525	1.6631	-67.5	5106.69159	42.9276	3.13395E-4	0.00188	5.21243E-4
2864.77219	-3.99183	1.65774	-65	5090.77488	5.09383	4.04075E-4	0.00125	0.00106
6464.80673	-4.44198	1.65783	-65	5092.28205	8.6419	3.51502E-4	0.00129	8.70255E-4
10064.81608	-4.79282	1.65802	-65	5093.62874	11.73313	3.34951E-4	8.77687E-4	2.67723E-4
13664.90078	-5.39363	1.65819	-65	5094.86913	14.63701	3.18626E-4	0.00153	5.10839E-4
17264.62227	-4.93826	1.65837	-65	5096.07212	17.46751	3.4884E-4	-1.95842E-4	8.5594E-4
20864.49719	-4.94341	1.65858	-65	5097.26957	20.31336	3.11283E-4	7.71139E-5	-4.01632E-4
24464.37107	-4.97147	1.65879	-65	5098.47466	23.14593	3.5335E-4	0.00358	5.6368E-4
28064.26017	-5.08854	1.65901	-65	5099.67385	26.03482	3.46867E-4	0.00803	6.17169E-4
31664.01784	-4.83043	1.65922	-65	5100.86436	28.89587	3.06634E-4	-0.00299	7.28349E-4
35264.00544	-5.25769	1.65943	-65	5102.04478	31.73079	3.2212E-4	-0.00107	0.00106
38863.72169	-4.93363	1.65964	-65	5103.2209	34.55888	3.21913E-4	0.00187	7.27499E-4
42463.58282	-5.00567	1.65985	-65	5104.39172	37.36392	3.14557E-4	2.93764E-4	5.87201E-4
46063.33839	-4.88309	1.66001	-65	5105.55741	40.15424	3.37331E-4	2.55673E-4	1.96174E-4
49663.21195	-5.03246	1.6602	-65	5106.70768	42.96137	3.01233E-4	0.00167	4.7463E-4
2914.76907	-3.97521	1.65556	-62.5	5090.79522	5.14812	4.15707E-4	9.82133E-4	0.00118
6514.80872	-4.43567	1.65562	-62.5	5092.30167	8.68106	3.92727E-4	9.12895E-4	0.00109
10114.81607	-4.78184	1.65579	-62.5	5093.64637	11.77069	3.48476E-4	6.61443E-4	3.30352E-4
13714.88514	-5.34704	1.65595	-62.5	5094.88586	14.67783	3.17919E-4	7.80975E-4	4.36924E-4
17314.6286	-4.94374	1.6561	-62.5	5096.08906	17.51505	3.39988E-4	-4.99533E-5	9.72383E-4
20914.49844	-4.93254	1.65629	-62.5	5097.28666	20.37208	3.06385E-4	7.2082E-4	4.37048E-4
24514.36584	-4.9531	1.65648	-62.5	5098.49136	23.21914	3.48609E-4	0.00284	9.79478E-4
28114.26291	-5.0992	1.65668	-62.5	5099.69036	26.05899	3.43605E-4	0.00742	5.23023E-4
31714.01024	-4.79331	1.65686	-62.5	5100.88063	28.96429	3.11812E-4	0.00234	5.29171E-4
35313.99555	-5.24682	1.65702	-62.5	5102.06103	31.78196	3.41846E-4	1.24401E-4	9.16139E-4
38913.72328	-4.91416	1.65719	-62.5	5103.23728	34.59819	2.99759E-4	0.0038	8.48265E-4
42513.57586	-5.00593	1.65738	-62.5	5104.40775	37.41532	3.09951E-4	0.00172	8.6459E-4
46113.33558	-4.8444	1.65753	-62.5	5105.57351	40.20312	3.35747E-4	7.30255E-4	6.51155E-4
49713.2052	-5.02093	1.65771	-62.5	5106.72375	43.00435	3.16777E-4	6.3215E-4	0.00114
2964.76593	-3.9586	1.65359	-60	5090.81555	5.20242	4.27392E-4	7.13764E-4	0.00131
6564.81071	-4.42935	1.65365	-60	5092.32129	8.7202	4.34071E-4	5.32185E-4	0.00131
10164.81605	-4.77085	1.65381	-60	5093.66401	11.80827	3.61977E-4	4.45212E-4	3.93328E-4
13764.86949	-5.30024	1.65394	-60	5094.90258	14.71864	3.17296E-4	3.3736E-5	3.64463E-4
17364.6349	-4.94908	1.65406	-60	5096.10599	17.56258	3.3113E-4	9.57008E-5	0.00109
20964.49961	-4.92144	1.65423	-60	5097.30375	20.43074	3.01501E-4	0.00136	0.00127
24564.36062	-4.93471	1.6544	-60	5098.50807	23.29224	3.4387E-4	0.0021	0.00139
28164.2656	-5.10962	1.65457	-60	5099.70688	26.0833	3.40331E-4	0.0068	4.29988E-4
31764.00263	-4.75613	1.65472	-60	5100.89689	29.0327	3.16996E-4	0.00766	3.30041E-4
35363.98572	-5.23574	1.65485	-60	5102.07729	31.83301	3.61478E-4	0.00132	7.68618E-4
38963.72483	-4.89455	1.65497	-60	5103.25366	34.6375	2.77732E-4	0.00573	9.68834E-4
42563.56894	-5.00623	1.65509	-60	5104.42377	37.46667	3.0544E-4	0.00315	0.00114
46163.33276	-4.80571	1.65525	-60	5105.58961	40.25199	3.34161E-4	0.0012	0.0011
49763.19844	-5.00917	1.65542	-60	5106.73982	43.0473	3.32318E-4	-3.97172E-4	0.0018
3014.76104	-3.94182	1.65174	-57.5	5090.83576	5.25451	4.24104E-4	5.82805E-4	0.00115
6614.81103	-4.41009	1.65179	-57.5	5092.3413	8.76812	4.17453E-4	5.36908E-4	9.49002E-4
10214.81576	-4.75276	1.65193	-57.5	5093.68184	11.85292	3.49019E-4	2.4287E-4	8.32283E-4
13814.85022	-5.20372	1.65205	-57.5	5094.91914	14.75517	3.35587E-4	2.73556E-4	6.20967E-4
17414.62193	-4.89352	1.65214	-57.5	5096.12246	17.60417	3.19531E-4	1.30089E-4	0.00124
21014.4644	-4.80044	1.65228	-57.5	5097.32036	20.45585	3.03001E-4	8.6434E-4	8.61333E-4
24614.35939	-4.91179	1.65243	-57.5	5098.52473	23.31899	3.39761E-4	0.00102	7.72196E-4
28214.25185	-5.0492	1.65257	-57.5	5099.72347	26.14618	3.33437E-4	0.00443	6.69834E-4
31813.98775	-4.66733	1.65269	-57.5	5100.91331	29.07871	3.27118E-4	0.00566	1.77327E-4
35413.9873	-5.17491	1.65279	-57.5	5102.0937	31.85459	3.58507E-4	0.00196	5.51696E-4
39013.70882	-4.81815	1.65286	-57.5	5103.27013	34.67406	3.10718E-4	0.00414	0.001
42613.57543	-5.02439	1.65294	-57.5	5104.44032	37.4979	3.36308E-4	0.00237	0.00133
46213.32237	-4.76975	1.65311	-57.5	5105.60575	40.29287	3.31282E-4	0.00119	6.95834E-4
49813.18633	-4.9172	1.65327	-57.5	5106.75591	43.08005	3.46405E-4	3.87451E-4	0.00114
3064.75615	-3.92505	1.65019	-55	5090.85598	5.30659	4.20751E-4	4.5245E-4	9.87827E-4
6664.81134	-4.3908	1.65024	-55	5092.36132	8.81605	4.00755E-4	5.42164E-4	5.83604E-4
10264.81546	-4.73465	1.65034	-55	5093.69968	11.89757	3.36084E-4	4.14848E-5	0.00127
13864.83092	-5.10728	1.65043	-55	5094.9357	14.79171	3.53751E-4	5.13226E-4	8.77135E-4
17464.60894	-4.83792	1.65052	-55	5096.13893	17.64575	3.07965E-4	1.6378E-4	0.00139
21064.42923	-4.67952	1.65062	-55	5097.33697	20.48098	3.04523E-4	3.6792E-4	4.50168E-4
24664.35815	-4.88886	1.65072	-55	5098.5414	23.34575	3.35678E-4	-5.3414E-5	1.53034E-4
28264.23809	-4.98877	1.65084	-55	5099.74006	26.20898	3.2655E-4	0.00206	9.0885E-4
31863.97287	-4.57855	1.65093	-55	5100.92973	29.12469	3.37234E-4	0.00365	2.51284E-5
35463.98878	-5.11402	1.651	-55	5102.11012	31.8763	3.55473E-4	0.00259	3.36054E-4
39063.6928	-4.74177	1.65103	-55	5103.28659	34.71062	3.43619E-4	0.00255	0.00104
42663.58187	-5.0423	1.65109	-55	5104.45687	37.52919	3.67066E-4	0.0016	0.00151
46263.31198	-4.73374	1.65127	-55	5105.62189	40.33377	3.2841E-4	0.00117	2.88033E-4
49863.17415	-4.82512	1.6514	-55	5106.772	43.11283	3.60443E-4	0.00117	4.88503E-4
3114.7595	-3.92022	1.64873	-52.5	5090.87641	5.35486	4.20335E-4	6.74611E-4	0.00133
6714.80809	-4.36331	1.64877	-52.5	5092.38106	8.85849	3.98412E-4	9.92023E-4	8.25789E-4
10314.80539	-4.69528	1.64885	-52.5	5093.71728	11.93165	3.47919E-4	8.85813E-4	8.98641E-4
13914.8054	-5.0338	1.64892	-52.5	5094.95281	14.8305	3.37083E-4	7.11758E-4	0.00104
17514.5875	-4.76552	1.64899	-52.5	5096.15566	17.677	3.16134E-4	-2.14289E-4	0.00111
21114.4284	-4.66423	1.64905	-52.5	5097.35357	20.52102	3.33783E-4	0.00159	7.94876E-4
24714.34897	-4.86166	1.64912	-52.5	5098.55825	23.38299	3.43308E-4	7.67416E-5	2.74361E-4
28314.21763	-4.92404	1.64922	-52.5	5099.75657	26.24581	3.22564E-4	0.00232	8.49749E-4
31913.95484	-4.52312	1.64928	-52.5	5100.94607	29.12609	3.3841E-4	0.00394	6.4006E-4
35513.9655	-5.04175	1.64931	-52.5	5102.12646	31.9274	3.37573E-4	6.18056E-4	4.24243E-4
39113.66855	-4.68436	1.64932	-52.5	5103.30275	34.75084	3.25851E-4	0.00125	0.00138
42713.56796	-4.9802	1.64935	-52.5	5104.47327	37.57484	3.62299E-4	0.00151	0.00115
46313.29017	-4.65753	1.64954	-52.5	5105.63792	40.38167	3.31367E-4	0.00101	6.53219E-4
49913.13282	-4.6877	1.64965	-52.5	5106.78817	43.15388	3.53957E-4	-5.59326E-4	9.41856E-4
3164.7629	-3.91544	1.64771	-50	5090.89685	5.40312	4.19932E-4	8.98357E-4	0.00168
6764.80483	-4.3358	1.64773	-50	5092.4008	8.90093	3.96088E-4	0.00144	0.00107
10364.79532	-4.65588	1.64778	-50	5093.73487	11.96574	3.59727E-4	0.00173	5.27199E-4
13964.77985	-4.96025	1.64782	-50	5094.96991	14.8693	3.20501E-4	9.09562E-4	0.0012
17564.56606	-4.69311	1.64786	-50	5096.17238	17.70827	3.24292E-4	-5.91349E-4	8.19031E-4
21164.42756	-4.64893	1.64787	-50	5097.37017	20.56106	3.63008E-4	0.00281	0.00114
24764.33979	-4.83443	1.6479	-50	5098.57511	23.42021	3.50911E-4	2.07615E-4	3.94867E-4
28364.19716	-4.85927	1.64797	-50	5099.77309	26.28266	3.18619E-4	0.00257	7.9038E-4
31963.93681	-4.46769	1.648	-50	5100.96241	29.12749	3.39586E-4	0.00422	0.00125
35563.94222	-4.96959	1.648	-50	5102.14279	31.97833	3.19774E-4	-0.00134	5.12675E-4
39163.64431	-4.62694	1.648	-50	5103.3189	34.79105	3.08097E-4	-5.03981E-5	0.00172
42763.55406	-4.9181	1.64802	-50	5104.48967	37.62044	3.57509E-4	0.00143	7.96875E-4
46363.26837	-4.58133	1.64819	-50	5105.65396	40.42957	3.34322E-4	8.47908E-4	0.00102
49963.09151	-4.55033	1.64825	-50	5106.80433	43.19493	3.47474E-4	-0.00228	0.00139
3214.76435	-3.90853	1.64673	-47.5	5090.91771	5.45622	4.28024E-4	1.3996E-4	0.00133
6814.79203	-4.30862	1.64674	-47.5	5092.42039	8.94312	4.03704E-4	5.1252E-4	0.00127
10414.77426	-4.56972	1.64677	-47.5	5093.75242	12.01322	3.28493E-4	0.00157	8.32259E-4
14014.74607	-4.85984	1.64678	-47.5	5094.98654	14.9109	3.36769E-4	8.28395E-4	9.09079E-4
17614.54285	-4.60893	1.64679	-47.5	5096.1888	17.75894	3.21154E-4	1.1696E-4	6.27064E-4
21214.41679	-4.61898	1.64677	-47.5	5097.38698	20.59225	3.44311E-4	0.00353	8.27096E-4
24814.32944	-4.79169	1.64676	-47.5	5098.59178	23.45595	3.45012E-4	7.13838E-4	8.56821E-5
28414.17344	-4.77532	1.64679	-47.5	5099.78975	26.33092	3.34265E-4	0.0016	6.01143E-4
32013.91549	-4.40513	1.64679	-47.5	5100.97887	29.15956	3.16747E-4	0.00283	0.00102
35613.92084	-4.92892	1.64677	-47.5	5102.15905	31.97749	3.3203E-4	7.70342E-4	6.73293E-4
39213.62235	-4.55941	1.64676	-47.5	5103.33513	34.81858	3.06679E-4	-6.30511E-5	0.00112
42813.53976	-4.86117	1.64677	-47.5	5104.50574	37.64679	3.44356E-4	0.00198	0.00151
46413.24877	-4.51133	1.6469	-47.5	5105.67008	40.47059	3.3309E-4	3.77685E-4	8.19048E-4
50013.05796	-4.46277	1.64693	-47.5	5106.82059	43.23665	3.43457E-4	-3.3142E-4	8.39745E-4
3264.7658	-3.90161	1.64627	-45	5090.93856	5.50934	4.36152E-4	-6.22718E-4	9.71744E-4
6864.77921	-4.28143	1.64626	-45	5092.43998	8.9853	4.11334E-4	-4.19526E-4	0.00146
10464.75319	-4.48357	1.64626	-45	5093.76997	12.0607	2.97258E-4	0.00141	0.00114
14064.71229	-4.75943	1.64622	-45	5095.00317	14.95251	3.52999E-4	7.46456E-4	6.15522E-4
17664.51964	-4.52474	1.64618	-45	5096.20521	17.80961	3.18017E-4	8.25269E-4	4.35097E-4
21264.40601	-4.58902	1.64615	-45	5097.40378	20.62345	3.25628E-4	0.00424	5.15305E-4
24864.31908	-4.74895	1.64613	-45	5098.60844	23.49169	3.39128E-4	0.00122	-2.22081E-4
28464.14972	-4.69141	1.6461	-45	5099.80642	26.37916	3.49896E-4	6.22082E-4	4.12174E-4
32063.89416	-4.34258	1.64607	-45	5100.99533	29.19164	2.93907E-4	0.00143	7.88958E-4
35663.89948	-4.88824	1.64603	-45	5102.17532	31.97683	3.44231E-4	0.00288	8.33776E-4
39263.6004	-4.49188	1.64601	-45	5103.35136	34.84611	3.05262E-4	-7.57001E-5	5.26079E-4
42863.52545	-4.80423	1.64599	-45	5104.5218	37.67316	3.31233E-4	0.00254	0.00222
46463.22917	-4.44133	1.64601	-45	5105.68619	40.5116	3.31857E-4	-9.25381E-5	6.20023E-4
50063.02441	-4.37521	1.646	-45	5106.83685	43.27838	3.39441E-4	0.00162	2.85141E-4
3314.76043	-3.88992	1.64581	-42.5	5090.95957	5.56252	4.26187E-4	-3.32457E-4	3.33628E-4
6914.76835	-4.24133	1.64579	-42.5	5092.45971	9.03579	3.91487E-4	1.9431E-4	0.00167
10514.71339	-4.35715	1.64576	-42.5	5093.78738	12.09852	3.2876E-4	0.00131	7.96452E-4
14114.68204	-4.65599	1.64568	-42.5	5095.02009	14.99471	3.42352E-4	1.33935E-4	5.33551E-4
17714.486	-4.43223	1.6456	-42.5	5096.22195	17.83616	3.27223E-4	0.00146	7.70975E-4
21314.39223	-4.53884	1.64556	-42.5	5097.42036	20.67936	3.30457E-4	0.00273	5.74469E-4
24914.30521	-4.71016	1.64551	-42.5	5098.62519	23.53118	3.43197E-4	7.51311E-4	3.60961E-4
28514.12837	-4.63299	1.64544	-42.5	5099.82295	26.42402	3.53353E-4	3.52502E-4	4.45275E-4
32113.86286	-4.24774	1.64538	-42.5	5101.0119	29.24538	3.00659E-4	4.84477E-4	0.00112
35713.88828	-4.84428	1.64532	-42.5	5102.19187	32.04854	3.35736E-4	0.00237	9.42943E-4
39313.58308	-4.45895	1.64529	-42.5	5103.36761	34.90822	3.08682E-4	6.71687E-5	7.68124E-4
42913.50597	-4.73996	1.64525	-42.5	5104.53799	37.71136	3.3271E-4	0.00187	0.00128
46513.19792	-4.35415	1.64516	-42.5	5105.70219	40.53314	3.15233E-4	3.05534E-4	8.90566E-4
50113.00486	-4.35654	1.64511	-42.5	5106.85306	43.31977	3.10231E-4	0.00213	6.59275E-4
3364.75503	-3.87822	1.64588	-40	5090.98058	5.61571	4.16144E-4	-3.76685E-5	-3.05698E-4
6964.7575	-4.20122	1.64585	-40	5092.47943	9.08629	3.7159E-4	8.10954E-4	0.00188
10564.67359	-4.23071	1.64577	-40	5093.80479	12.13634	3.6027E-4	0.00121	4.555E-4
14164.65179	-4.55256	1.64567	-40	5095.03701	15.03692	3.31709E-4	-4.78214E-4	4.51584E-4
17764.45237	-4.33971	1.64557	-40	5096.2387	17.86271	3.36429E-4	0.00209	0.00111
21364.37845	-4.48866	1.64549	-40	5097.43695	20.73528	3.35286E-4	0.00123	6.33632E-4
24964.29132	-4.67135	1.64541	-40	5098.64193	23.57068	3.4726E-4	2.84204E-4	9.43168E-4
28564.10702	-4.57455	1.64532	-40	5099.83949	26.46888	3.56804E-4	8.30113E-5	4.78462E-4
32163.83154	-4.15288	1.64524	-40	5101.02847	29.29914	3.07434E-4	-4.60901E-4	0.00145
35763.87701	-4.80007	1.64515	-40	5102.20841	32.12019	3.27267E-4	0.00186	0.00105
39363.56576	-4.42603	1.64506	-40	5103.38387	34.97034	3.12103E-4	2.10037E-4	0.00101
42963.48647	-4.67568	1.64497	-40	5104.55418	37.74958	3.34156E-4	0.0012	3.40412E-4
46563.16666	-4.26696	1.64489	-40	5105.71819	40.55468	2.98608E-4	7.03689E-4	0.00116
50162.98531	-4.33791	1.64484	-40	5106.86927	43.36117	2.81012E-4	0.00263	0.00103
3414.75052	-3.87652	1.64597	-37.5	5091.00169	5.66515	4.23589E-4	7.76971E-4	4.63286E-4
7014.73978	-4.13929	1.64591	-37.5	5092.49906	9.1261	3.88753E-4	8.87451E-4	0.00178
10614.63298	-4.09725	1.64579	-37.5	5093.82255	12.17651	3.57797E-4	0.00102	5.21654E-4
14214.61548	-4.4435	1.64566	-37.5	5095.05366	15.07669	3.36661E-4	4.45294E-4	3.85424E-4
17814.42393	-4.25155	1.64554	-37.5	5096.25518	17.8972	3.36638E-4	0.00147	0.00115
21414.36279	-4.44668	1.64542	-37.5	5097.45378	20.76196	3.34219E-4	0.00118	7.12856E-4
25014.26578	-4.60516	1.64531	-37.5	5098.6585	23.61938	3.45277E-4	-9.29493E-5	7.21164E-4
28614.07489	-4.4553	1.64521	-37.5	5099.85605	26.50802	3.47065E-4	6.56625E-5	7.54508E-4
32213.80545	-4.09305	1.6451	-37.5	5101.04466	29.34429	3.15022E-4	5.29114E-4	8.65658E-4
35813.83195	-4.65131	1.64498	-37.5	5102.22472	32.16962	3.30381E-4	0.00166	8.71132E-4
39413.55637	-4.39634	1.64482	-37.5	5103.40019	35.00605	2.99756E-4	6.30062E-4	0.00103
43013.45758	-4.59828	1.64468	-37.5	5104.57026	37.79924	3.13751E-4	5.32953E-4	4.3326E-4
46613.15426	-4.24874	1.64461	-37.5	5105.73432	40.59919	3.10738E-4	7.87746E-4	0.00102
50212.98437	-4.35192	1.64456	-37.5	5106.88529	43.39865	2.86961E-4	0.00182	7.47869E-4
3464.74601	-3.87486	1.64654	-35	5091.0228	5.71457	4.3111E-4	0.00159	0.00124
7064.72205	-4.07731	1.64646	-35	5092.51868	9.16589	4.05999E-4	9.62731E-4	0.00167
10664.59237	-3.96377	1.64631	-35	5093.84032	12.21669	3.55265E-4	8.30741E-4	5.88511E-4
14264.57918	-4.33443	1.64617	-35	5095.07031	15.11646	3.41614E-4	0.00137	3.19264E-4
17864.3955	-4.1634	1.64603	-35	5096.27167	17.93171	3.36837E-4	8.49673E-4	0.0012
21464.34714	-4.4047	1.64588	-35	5097.47061	20.78863	3.33152E-4	0.00112	7.92081E-4
25064.24025	-4.53896	1.64573	-35	5098.67507	23.66807	3.43295E-4	-4.69981E-4	4.99233E-4
28664.04276	-4.33605	1.6456	-35	5099.8726	26.54717	3.37325E-4	4.83138E-5	0.00103
32263.77937	-4.03329	1.64545	-35	5101.06086	29.38942	3.22611E-4	0.00152	2.81944E-4
35863.78688	-4.50257	1.6453	-35	5102.24103	32.21904	3.33497E-4	0.00146	6.913E-4
39463.54698	-4.36664	1.64513	-35	5103.41651	35.04174	2.87402E-4	0.00105	0.00105
43063.42869	-4.52089	1.64496	-35	5104.58634	37.8489	2.93356E-4	-1.3292E-4	5.26141E-4
46663.14187	-4.23061	1.64485	-35	5105.75045	40.64374	3.22903E-4	8.7141E-4	8.8695E-4
50262.98344	-4.36597	1.64476	-35	5106.90132	43.43614	2.92949E-4	0.001	4.61258E-4
3514.74432	-3.86511	1.64717	-32.5	5091.04387	5.76112	4.352E-4	0.00142	0.00141
7114.69968	-4.02236	1.64707	-32.5	5092.53822	9.20518	3.96692E-4	0.00118	0.00116
10714.55557	-3.90476	1.64687	-32.5	5093.85774	12.26298	3.59131E-4	8.89913E-4	7.24156E-4
14314.53958	-4.22988	1.64671	-32.5	5095.0872	15.15676	3.3487E-4	8.54184E-4	7.47158E-4
17914.36389	-4.07553	1.64655	-32.5	5096.28845	17.98088	3.52666E-4	8.17543E-4	0.00113
21514.32484	-4.36162	1.64638	-32.5	5097.48741	20.83519	3.5108E-4	9.40817E-4	5.6555E-4
25114.21033	-4.44686	1.64619	-32.5	5098.6918	23.70428	3.4813E-4	-2.83149E-4	6.09245E-4
28714.00711	-4.24905	1.646	-32.5	5099.88921	26.57857	3.25507E-4	-5.49066E-5	6.76798E-4
32313.75898	-3.96803	1.64582	-32.5	5101.0772	29.41268	3.35431E-4	0.00222	5.09279E-4
35913.7403	-4.40321	1.64566	-32.5	5102.2575	32.26059	3.4026E-4	0.00143	0.0014
39513.5395	-4.35981	1.64545	-32.5	5103.43288	35.0648	3.08068E-4	7.29408E-4	7.7005E-4
43113.3935	-4.44748	1.64525	-32.5	5104.60237	37.88029	2.9711E-4	6.08806E-4	7.01269E-4
46713.12506	-4.21904	1.64509	-32.5	5105.76632	40.68022	3.25958E-4	0.0015	8.53505E-4
50312.98457	-4.37091	1.64497	-32.5	5106.91731	43.47361	3.13062E-4	0.00102	5.06555E-4
3564.74265	-3.85532	1.64822	-30	5091.06495	5.80765	4.39274E-4	0.00125	0.00158
7164.6773	-3.96742	1.6481	-30	5092.55776	9.24446	3.87306E-4	0.00139	6.51107E-4
10764.51878	-3.84599	1.64789	-30	5093.87515	12.30929	3.63018E-4	9.49914E-4	8.60032E-4
14364.49997	-4.12534	1.64771	-30	5095.10408	15.19706	3.28112E-4	3.37822E-4	0.00118
17964.33228	-3.98767	1.64753	-30	5096.30523	18.03008	3.68531E-4	7.86759E-4	0.00106
21564.30253	-4.31854	1.64733	-30	5097.50421	20.88176	3.69018E-4	7.58499E-4	3.38851E-4
25164.18042	-4.35476	1.64712	-30	5098.70853	23.74049	3.52964E-4	-9.6317E-5	7.19258E-4
28763.97146	-4.16208	1.64689	-30	5099.90582	26.60997	3.13687E-4	-1.5819E-4	3.22579E-4
32363.7386	-3.90275	1.64668	-30	5101.09355	29.43588	3.48267E-4	0.00291	7.38974E-4
35963.69371	-4.30384	1.64648	-30	5102.27397	32.30214	3.47024E-4	0.0014	0.0021
39563.53202	-4.353	1.64632	-30	5103.44925	35.08785	3.28761E-4	4.07975E-4	4.88882E-4
43163.35832	-4.37407	1.64614	-30	5104.6184	37.91167	3.00865E-4	0.00135	8.76398E-4
46763.10825	-4.20749	1.64592	-30	5105.78219	40.7167	3.28998E-4	0.00212	8.20231E-4
50362.98571	-4.37584	1.64575	-30	5106.9333	43.51107	3.33189E-4	0.00104	5.52187E-4
3614.73155	-3.82649	1.64937	-27.5	5091.08649	5.86975	4.3767E-4	0.00132	0.00126
7214.65895	-3.92004	1.64923	-27.5	5092.5767	9.29603	3.77654E-4	0.00132	0.00115
10814.51771	-3.84131	1.64898	-27.5	5093.89282	12.34983	3.64172E-4	7.85259E-4	8.13085E-4
14414.46393	-4.01741	1.64878	-27.5	5095.12079	15.24019	3.44779E-4	4.48965E-4	5.15734E-4
18014.29954	-3.89317	1.64859	-27.5	5096.32176	18.07259	3.68592E-4	1.75701E-4	6.88683E-4
21614.28615	-4.26798	1.64836	-27.5	5097.52108	20.92801	3.67721E-4	4.22463E-4	6.47764E-4
25214.14894	-4.2658	1.64812	-27.5	5098.72525	23.78746	3.3402E-4	-2.07329E-4	7.01392E-4
28813.94245	-4.0947	1.64785	-27.5	5099.92246	26.64692	3.25969E-4	5.94114E-4	7.20167E-4
32413.72802	-3.90468	1.64762	-27.5	5101.11011	29.48358	3.49044E-4	0.00211	9.09844E-4
36013.66324	-4.20607	1.64739	-27.5	5102.29039	32.34804	3.4513E-4	3.06474E-4	0.00176
39613.5187	-4.34186	1.64725	-27.5	5103.46552	35.13322	3.17829E-4	8.07127E-4	2.20067E-4
43213.32791	-4.27141	1.64709	-27.5	5104.63486	37.9511	3.35667E-4	0.00103	6.91414E-4
46813.09407	-4.16106	1.64682	-27.5	5105.79827	40.75742	3.37635E-4	0.00102	0.00115
50412.96635	-4.33267	1.6466	-27.5	5106.94951	43.55507	3.40664E-4	8.23805E-4	9.34999E-4
3664.72041	-3.79757	1.65083	-25	5091.10805	5.93193	4.36041E-4	0.0014	9.37347E-4
7264.64062	-3.87269	1.65069	-25	5092.59563	9.34765	3.68001E-4	0.00125	0.00165
10864.5168	-3.83687	1.65044	-25	5093.91049	12.39034	3.65314E-4	6.1956E-4	7.65289E-4
14464.42791	-3.90946	1.65021	-25	5095.13749	15.28334	3.61507E-4	5.61741E-4	-1.47017E-4
18064.2668	-3.79866	1.64998	-25	5096.33829	18.11508	3.68599E-4	-4.37365E-4	3.11752E-4
21664.26977	-4.2174	1.64974	-25	5097.53795	20.97425	3.66399E-4	8.62203E-5	9.57396E-4
25264.11745	-4.17685	1.64948	-25	5098.74196	23.83444	3.15053E-4	-3.18633E-4	6.83401E-4
28863.91345	-4.02736	1.6492	-25	5099.9391	26.68387	3.38304E-4	0.00135	0.00112
32463.71747	-3.90685	1.64895	-25	5101.12667	29.53136	3.49777E-4	0.00131	0.00108
36063.63279	-4.10829	1.6487	-25	5102.3068	32.39394	3.43225E-4	-7.88101E-4	0.00142
39663.50538	-4.33071	1.64851	-25	5103.48179	35.17862	3.06867E-4	0.00121	-4.87362E-5
43263.2975	-4.16872	1.64831	-25	5104.65132	37.99054	3.70498E-4	7.00791E-4	5.06101E-4
46863.0799	-4.11456	1.64807	-25	5105.81434	40.79814	3.46284E-4	-8.11691E-5	0.00147
50462.94698	-4.28945	1.64784	-25	5106.96572	43.59907	3.48128E-4	6.03102E-4	0.00132
3714.71039	-3.78731	1.65242	-22.5	5091.1293	5.98037	4.16749E-4	0.00122	0.00106
7314.6236	-3.82527	1.65227	-22.5	5092.61513	9.39298	3.67678E-4	0.0017	0.00109
10914.50978	-3.82183	1.65201	-22.5	5093.92776	12.43051	3.77602E-4	7.16969E-4	7.41892E-5
14514.39168	-3.80682	1.65174	-22.5	5095.15436	15.31454	3.50183E-4	6.47116E-4	3.28913E-4
18114.2378	-3.71204	1.65147	-22.5	5096.35497	18.15369	3.56444E-4	2.33459E-4	6.75846E-4
21714.24386	-4.16241	1.65121	-22.5	5097.55453	21.00559	3.42497E-4	3.48489E-4	8.18321E-4
25314.08466	-4.09018	1.65094	-22.5	5098.75862	23.85867	3.24931E-4	3.80689E-4	0.0011
28913.88444	-3.94116	1.65066	-22.5	5099.9556	26.71806	3.41119E-4	5.60601E-4	8.75607E-4
32513.69744	-3.86355	1.65039	-22.5	5101.14306	29.56844	3.55901E-4	0.001	0.00103
36113.59927	-4.02723	1.65012	-22.5	5102.32329	32.41259	3.53845E-4	5.69463E-4	0.00132
39713.52194	-4.34359	1.64985	-22.5	5103.49782	35.2189	3.1077E-4	0.00125	2.17859E-4
43313.26274	-4.09073	1.6496	-22.5	5104.66741	38.02026	3.39573E-4	3.88362E-4	2.89434E-4
46913.06053	-4.04023	1.6494	-22.5	5105.83022	40.84065	3.49958E-4	5.19141E-4	0.00145
50512.93265	-4.2751	1.64917	-22.5	5106.98207	43.64124	3.40446E-4	8.22745E-4	0.00128
3764.70038	-3.77714	1.65426	-20	5091.15056	6.02873	3.97369E-4	0.00104	0.00118
7364.60658	-3.77786	1.6541	-20	5092.63462	9.43829	3.67396E-4	0.00215	5.16016E-4
10964.50273	-3.80674	1.65385	-20	5093.94503	12.47067	3.89943E-4	8.15609E-4	-6.19922E-4
14564.35546	-3.70419	1.65355	-20	5095.17122	15.34569	3.38745E-4	7.32379E-4	8.0946E-4
18164.20882	-3.62546	1.65325	-20	5096.37166	18.19228	3.44231E-4	9.10292E-4	0.00104
21764.21792	-4.10741	1.65296	-20	5097.57111	21.0369	3.1855E-4	6.11955E-4	6.78349E-4
25364.05187	-4.00351	1.65268	-20	5098.77528	23.88284	3.3487E-4	0.00108	0.00151
28963.85543	-3.85489	1.65239	-20	5099.9721	26.75225	3.43903E-4	-2.31892E-4	6.29818E-4
32563.67737	-3.82007	1.65211	-20	5101.15945	29.60548	3.62047E-4	6.98276E-4	9.81213E-4
36163.56574	-3.9462	1.65184	-20	5102.33979	32.43118	3.64493E-4	0.00193	0.00123
39763.53853	-4.3565	1.65153	-20	5103.51384	35.25919	3.14695E-4	0.0013	4.85246E-4
43363.22797	-4.01279	1.65125	-20	5104.68349	38.04995	3.08514E-4	7.5959E-5	7.27024E-5
46963.04115	-3.96582	1.65107	-20	5105.8461	40.88317	3.5362E-4	0.00112	0.00143
50562.91832	-4.2608	1.65082	-20	5106.99843	43.68341	3.3274E-4	0.00104	0.00124
3814.67675	-3.70298	1.65625	-17.5	5091.17194	6.08097	4.27363E-4	0.0013	0.00125
7414.58716	-3.73956	1.65608	-17.5	5092.6537	9.47877	3.81477E-4	0.00167	9.23657E-4
11014.48864	-3.78055	1.6558	-17.5	5093.96272	12.5142	3.74815E-4	9.9614E-4	-1.20188E-5
14614.32436	-3.67913	1.65548	-17.5	5095.18783	15.38642	3.40372E-4	0.00107	3.33451E-4
18214.2067	-3.6434	1.65515	-17.5	5096.3883	18.23035	3.41389E-4	0.00103	9.846E-4
21814.20151	-4.05975	1.65484	-17.5	5097.58786	21.07909	3.34747E-4	2.95079E-4	7.80359E-4
25414.02168	-3.93281	1.65453	-17.5	5098.79191	23.92867	3.36177E-4	0.00147	0.00139
29013.82766	-3.78891	1.65424	-17.5	5099.98877	26.77668	3.418E-4	6.28818E-4	4.10475E-4
32613.6603	-3.75528	1.65396	-17.5	5101.17586	29.63944	3.53611E-4	0.00106	7.64376E-4
36213.53374	-3.86648	1.65368	-17.5	5102.35606	32.47647	3.47699E-4	0.00156	4.38357E-4
39813.49021	-4.26674	1.65334	-17.5	5103.53025	35.29544	3.16668E-4	6.51902E-4	7.52115E-4
43413.19967	-3.92912	1.65306	-17.5	5104.69976	38.09245	3.35014E-4	3.92697E-5	8.66557E-5
47013.00165	-3.87659	1.65287	-17.5	5105.86228	40.91296	3.37672E-4	0.00105	9.64343E-4
3864.65304	-3.62849	1.65841	-15	5091.19333	6.13323	4.57615E-4	0.00156	0.00132
7464.56772	-3.70132	1.65823	-15	5092.67278	9.51922	3.95631E-4	0.00118	0.00134
11064.47451	-3.75431	1.65796	-15	5093.98042	12.55774	3.59551E-4	0.00118	6.0235E-4
14664.2933	-3.65448	1.65762	-15	5095.20443	15.4272	3.4207E-4	0.00142	-1.4774E-4
18264.20473	-3.66194	1.65729	-15	5096.40493	18.26841	3.38602E-4	0.00116	9.23295E-4
21864.18512	-4.0121	1.65694	-15	5097.6046	21.1213	3.51058E-4	-2.34464E-5	8.83056E-4
25463.9915	-3.86216	1.65661	-15	5098.80854	23.97458	3.37454E-4	0.00186	0.00127
29063.79989	-3.72302	1.6563	-15	5100.00543	26.80108	3.39675E-4	0.0015	1.91246E-4
32663.64325	-3.69039	1.65602	-15	5101.19227	29.67339	3.45106E-4	0.00143	5.46762E-4
36263.50175	-3.78675	1.65574	-15	5102.37234	32.52185	3.30807E-4	0.00118	-3.52587E-4
39863.44183	-4.1769	1.65541	-15	5103.54665	35.33169	3.1864E-4	7.86554E-6	0.00102
43463.17138	-3.84543	1.65511	-15	5104.71603	38.135	3.61706E-4	3.4997E-6	1.01378E-4
47062.96209	-3.78731	1.65487	-15	5105.87845	40.94271	3.21658E-4	9.71109E-4	4.95381E-4
3914.64391	-3.62017	1.66071	-12.5	5091.21484	6.1837	4.34368E-4	0.00118	0.00109
7514.55149	-3.66728	1.66052	-12.5	5092.69197	9.57145	3.85984E-4	9.18132E-4	0.00116
11114.4609	-3.73053	1.66024	-12.5	5093.99775	12.59383	3.38548E-4	9.0834E-4	7.89061E-4
14714.28903	-3.60011	1.65991	-12.5	5095.22119	15.46589	3.41841E-4	7.70236E-4	5.24583E-4
18314.18019	-3.60773	1.65956	-12.5	5096.42163	18.30356	3.1757E-4	8.82677E-4	9.45053E-4
21914.16981	-3.98551	1.65919	-12.5	5097.62134	21.15626	3.5137E-4	1.1673E-5	0.00105
25513.9692	-3.79861	1.65883	-12.5	5098.82517	24.02467	3.35033E-4	0.00177	0.00104
29113.7774	-3.67371	1.65849	-12.5	5100.02225	26.86778	3.47947E-4	0.00101	3.83332E-4
32713.61407	-3.63346	1.65822	-12.5	5101.20886	29.71807	3.33417E-4	9.11338E-4	6.28067E-4
36313.48137	-3.74804	1.65795	-12.5	5102.38875	32.5583	3.35462E-4	8.67516E-4	-1.31055E-5
39913.43061	-4.14132	1.65763	-12.5	5103.56323	35.37293	3.37356E-4	5.1756E-4	6.98556E-4
43513.14003	-3.76706	1.65731	-12.5	5104.73218	38.1825	3.4708E-4	2.61951E-4	-1.19721E-4
47112.90924	-3.62672	1.65699	-12.5	5105.89434	40.9826	3.23154E-4	0.00117	7.10958E-4
3964.63487	-3.61226	1.66309	-10	5091.23637	6.23416	4.1079E-4	7.87215E-4	8.60465E-4
7564.53527	-3.63327	1.6629	-10	5092.71117	9.62375	3.76199E-4	6.53549E-4	9.77004E-4
11164.44729	-3.70677	1.66261	-10	5094.01508	12.62988	3.17514E-4	6.37204E-4	9.73491E-4
14764.28494	-3.54554	1.66228	-10	5095.23794	15.50457	3.41599E-4	1.1833E-4	0.0012
18364.15551	-3.55309	1.66193	-10	5096.43833	18.3387	2.96433E-4	6.0697E-4	9.67297E-4
21964.15451	-3.95899	1.66155	-10	5097.63807	21.19119	3.51627E-4	4.80306E-5	0.00121
25563.94693	-3.73509	1.66118	-10	5098.8418	24.07478	3.32596E-4	0.00167	8.03605E-4
29163.75493	-3.62449	1.66083	-10	5100.03907	26.93471	3.56275E-4	5.13859E-4	5.77605E-4
32763.58484	-3.57657	1.66053	-10	5101.22545	29.7628	3.2171E-4	3.9242E-4	7.1097E-4
36363.46105	-3.70952	1.66024	-10	5102.40516	32.59472	3.4022E-4	5.59646E-4	3.31773E-4
39963.41948	-4.10587	1.65991	-10	5103.57982	35.41419	3.56114E-4	0.00103	3.76628E-4
43563.10867	-3.6887	1.65959	-10	5104.74832	38.23003	3.32274E-4	5.21689E-4	-3.41851E-4
47162.85633	-3.46578	1.65926	-10	5105.91023	41.02253	3.24736E-4	0.00137	9.29865E-4
4014.6303	-3.61374	1.66557	-7.5	5091.25762	6.28995	4.3935E-4	0.00101	0.00103
7614.52523	-3.6096	1.66536	-7.5	5092.73035	9.66106	3.77707E-4	0.00115	8.41603E-4
11214.43455	-3.67333	1.66507	-7.5	5094.03244	12.67297	3.45054E-4	0.00103	9.32977E-4
14814.26185	-3.48802	1.66472	-7.5	5095.25469	15.54291	3.42047E-4	-2.01398E-4	8.72463E-4
18414.14103	-3.50815	1.66437	-7.5	5096.45488	18.38578	3.22257E-4	0.001	6.56564E-4
22014.14219	-3.93626	1.664	-7.5	5097.65482	21.24187	3.6375E-4	-1.38481E-5	0.00115
25613.92821	-3.69387	1.66363	-7.5	5098.85843	24.11816	3.12823E-4	9.63398E-4	0.00102
29213.73983	-3.57488	1.66328	-7.5	5100.05544	26.97202	3.44486E-4	7.28344E-4	6.96206E-4
32813.5728	-3.54841	1.66293	-7.5	5101.24183	29.80078	3.02888E-4	7.67305E-4	5.40841E-4
36413.46053	-3.73186	1.6626	-7.5	5102.42145	32.63512	3.32811E-4	0.00105	7.04525E-4
40013.40754	-4.07404	1.66225	-7.5	5103.596	35.45573	3.49619E-4	9.95051E-4	6.51051E-4
43613.09388	-3.63299	1.66193	-7.5	5104.76437	38.26518	3.13342E-4	6.96282E-4	-2.46446E-4
47212.83195	-3.42168	1.66163	-7.5	5105.92609	41.06122	3.20399E-4	9.20616E-4	9.54526E-4
4064.62577	-3.61527	1.6681	-5	5091.27888	6.34578	4.6825E-4	0.00124	0.00119
7664.51523	-3.58601	1.66788	-5	5092.74954	9.69829	3.79288E-4	0.00164	7.06493E-4
11264.42181	-3.63984	1.66758	-5	5094.0498	12.71609	3.7288E-4	0.00142	8.91139E-4
14864.23862	-3.43049	1.66722	-5	5095.27143	15.58126	3.425E-4	-5.18887E-4	5.33615E-4
18464.12662	-3.46328	1.66687	-5	5096.47143	18.43294	3.48398E-4	0.0014	3.4359E-4
22064.12989	-3.91354	1.66651	-5	5097.67158	21.29261	3.75921E-4	-7.61214E-5	0.00109
25663.9095	-3.65276	1.66615	-5	5098.87505	24.16151	2.92958E-4	2.51826E-4	0.00124
29263.72478	-3.52528	1.66579	-5	5100.07181	27.00914	3.32575E-4	9.47178E-4	8.14343E-4
32863.56087	-3.52043	1.66542	-5	5101.25822	29.83872	2.8402E-4	0.00115	3.69109E-4
36463.46012	-3.75454	1.66505	-5	5102.43775	32.67555	3.25334E-4	0.00155	0.00108
40063.39559	-4.04223	1.66472	-5	5103.61218	35.49727	3.43051E-4	9.5831E-4	9.27204E-4
43663.07918	-3.57741	1.6644	-5	5104.78042	38.30025	2.94387E-4	8.70402E-4	-1.49282E-4
47262.80776	-3.37838	1.6641	-5	5105.94195	41.09989	3.16021E-4	4.65508E-4	9.77845E-4
4114.62318	-3.61657	1.67069	-2.5	5091.30052	6.38895	4.45829E-4	0.00106	8.44102E-4
7714.50828	-3.56512	1.67047	-2.5	5092.76845	9.73846	3.70621E-4	0.00125	0.00115
11314.40266	-3.5949	1.67015	-2.5	5094.0671	12.75259	3.45811E-4	0.00137	9.21516E-4
14914.22386	-3.40233	1.66979	-2.5	5095.28826	15.61882	3.51657E-4	2.97973E-4	6.98465E-4
18514.11233	-3.43679	1.66943	-2.5	5096.48807	18.45975	3.52253E-4	0.00139	2.34652E-4
22114.12085	-3.89046	1.66907	-2.5	5097.68845	21.32773	3.45356E-4	4.40661E-4	0.00101
25713.894	-3.61124	1.66872	-2.5	5098.89215	24.19686	3.11026E-4	4.04418E-4	9.82894E-4
29313.70922	-3.51217	1.66836	-2.5	5100.08845	27.04893	3.37295E-4	9.06692E-4	9.27076E-4
32913.5487	-3.50924	1.66798	-2.5	5101.27455	29.88587	2.97887E-4	7.67753E-4	3.99795E-4
36513.45436	-3.71369	1.66758	-2.5	5102.45413	32.71522	3.28549E-4	0.0013	9.35441E-4
40113.37963	-4.01993	1.66731	-2.5	5103.62841	35.53394	3.29612E-4	9.15289E-4	8.17475E-4
43713.07957	-3.64532	1.667	-2.5	5104.79672	38.34182	3.19393E-4	0.00118	6.06029E-4
47312.79717	-3.32611	1.66664	-2.5	5105.95781	41.14235	3.20584E-4	9.16145E-4	7.6056E-4
4164.6206	-3.61787	1.67331	0	5091.32216	6.43204	4.23068E-4	8.7075E-4	4.90866E-4
7764.50135	-3.54425	1.67308	0	5092.78735	9.77866	3.61886E-4	8.49131E-4	0.0016
11364.38346	-3.54988	1.67276	0	5094.0844	12.78906	3.1839E-4	0.00132	9.52354E-4
14964.20915	-3.3744	1.67241	0	5095.30508	15.65637	3.60879E-4	0.00112	8.67134E-4
18564.09805	-3.41044	1.67205	0	5096.50471	18.4864	3.55945E-4	0.00137	1.27206E-4
22164.11181	-3.86737	1.67169	0	5097.70533	21.36278	3.14602E-4	9.59998E-4	9.37713E-4
25763.87851	-3.56972	1.67133	0	5098.90924	24.23215	3.29324E-4	5.62227E-4	7.2649E-4
29363.69365	-3.4993	1.67099	0	5100.10509	27.08874	3.42128E-4	8.64459E-4	0.00104
32963.53652	-3.49816	1.67059	0	5101.29088	29.93309	3.11977E-4	3.82474E-4	4.3186E-4
36563.44856	-3.6725	1.67018	0	5102.47051	32.75488	3.31821E-4	0.00104	7.90665E-4
40163.36366	-3.99767	1.66994	0	5103.64464	35.57059	3.1615E-4	8.72247E-4	7.06479E-4
43763.08005	-3.71398	1.66963	0	5104.81301	38.38342	3.44664E-4	0.00149	0.00137
47362.78668	-3.27377	1.66924	0	5105.97367	41.18484	3.25215E-4	0.00137	5.41426E-4
4214.62024	-3.62611	1.67598	2.5	5091.34366	6.48163	4.23894E-4	0.00101	8.97064E-4
7814.4957	-3.54002	1.67573	2.5	5092.8061	9.82923	3.60586E-4	0.00136	0.00148
11414.3675	-3.50863	1.6754	2.5	5094.10192	12.83282	3.22398E-4	0.00113	9.93163E-4
15014.20102	-3.3599	1.67508	2.5	5095.32192	15.70098	3.56406E-4	1.43932E-4	0.0012
18614.09295	-3.40064	1.67474	2.5	5096.52137	18.53632	3.47996E-4	0.00107	5.57219E-4
22214.10452	-3.85713	1.67435	2.5	5097.72196	21.39811	3.28128E-4	0.00125	8.87136E-4
25813.86786	-3.54772	1.67399	2.5	5098.92552	24.26925	3.20787E-4	5.25808E-5	8.7014E-4
29413.695	-3.48249	1.67366	2.5	5100.12161	27.12723	3.28467E-4	4.36138E-4	8.39598E-4
33013.52964	-3.48244	1.67327	2.5	5101.30731	29.96521	3.30918E-4	7.39119E-4	7.49123E-4
36613.43879	-3.66101	1.67287	2.5	5102.4868	32.78747	3.41864E-4	1.03659E-5	8.30049E-4
40213.3576	-3.96717	1.67261	2.5	5103.66068	35.60924	3.06263E-4	7.70276E-4	5.21728E-4
43813.08122	-3.68783	1.67229	2.5	5104.8291	38.42409	3.26268E-4	9.85529E-4	0.00128
47412.77368	-3.26604	1.67191	2.5	5105.98956	41.21814	3.28261E-4	9.95644E-4	6.87409E-4
4264.61989	-3.6344	1.6786	5	5091.36516	6.53125	4.24876E-4	0.00116	0.00131
7864.49005	-3.53592	1.67835	5	5092.82485	9.87987	3.59339E-4	0.00189	0.00136
11464.35157	-3.46741	1.67802	5	5094.11944	12.87664	3.26626E-4	9.43201E-4	0.00103
15064.19294	-3.3455	1.67772	5	5095.33877	15.74564	3.51823E-4	-8.50147E-4	0.00154
18664.08792	-3.39097	1.67739	5	5096.53803	18.58641	3.39957E-4	7.57821E-4	9.91421E-4
22264.09723	-3.84695	1.677	5	5097.73859	21.43344	3.41866E-4	0.00155	8.36675E-4
25863.85723	-3.52585	1.67664	5	5098.9418	24.30635	3.12073E-4	-4.61446E-4	0.00102
29463.69646	-3.46564	1.67632	5	5100.13812	27.1657	3.14674E-4	5.04879E-6	6.37181E-4
33063.52279	-3.46669	1.67593	5	5101.32374	29.99723	3.49893E-4	0.0011	0.00107
36663.429	-3.64969	1.67555	5	5102.50309	32.82001	3.51945E-4	-0.00102	8.70474E-4
40263.35159	-3.93663	1.67526	5	5103.67672	35.64789	2.9639E-4	6.68079E-4	3.36696E-4
43863.08239	-3.66111	1.67493	5	5104.84518	38.46476	3.07613E-4	4.77987E-4	0.0012
47462.76065	-3.25868	1.67457	5	5106.00545	41.25137	3.31294E-4	6.10765E-4	8.36353E-4
4314.62598	-3.64785	1.68107	7.5	5091.38654	6.58586	4.25859E-4	0.00104	8.91591E-4
7914.48989	-3.54062	1.68084	7.5	5092.84372	9.92839	3.52913E-4	0.00102	0.00118
11514.33982	-3.41876	1.68055	7.5	5094.13642	12.90887	3.18058E-4	0.00112	8.99094E-4
15114.19206	-3.36031	1.68024	7.5	5095.35537	15.78373	3.49111E-4	-4.66561E-5	0.00138
18714.08585	-3.39715	1.67993	7.5	5096.55475	18.62509	3.33892E-4	6.23027E-4	7.89212E-4
22314.09553	-3.84754	1.67957	7.5	5097.75533	21.4696	3.44052E-4	7.41733E-4	6.01073E-4
25913.84384	-3.49372	1.67923	7.5	5098.95847	24.35385	3.17702E-4	-3.88767E-5	8.88258E-4
29513.69157	-3.46467	1.67888	7.5	5100.15464	27.20271	3.34878E-4	2.97516E-4	6.5288E-4
33113.54749	-3.54028	1.67852	7.5	5101.34029	30.04098	3.54638E-4	5.76629E-4	0.00116
36713.4259	-3.65853	1.67817	7.5	5102.51958	32.86537	3.51686E-4	-1.47875E-4	9.2225E-4
40313.34217	-3.92894	1.67785	7.5	5103.6929	35.68706	3.11296E-4	3.89525E-4	8.26861E-4
43913.07737	-3.65057	1.67753	7.5	5104.86132	38.50334	3.09296E-4	5.5432E-4	0.00108
47512.77269	-3.33918	1.67719	7.5	5106.02142	41.29219	3.23778E-4	3.93118E-4	8.09194E-4
4364.63212	-3.66133	1.68355	10	5091.40792	6.64049	4.26842E-4	9.18011E-4	4.69384E-4
7964.48977	-3.5454	1.68334	10	5092.86259	9.9769	3.46451E-4	1.47267E-4	9.94518E-4
11564.32811	-3.37005	1.68307	10	5094.15341	12.94101	3.09393E-4	0.0013	7.62807E-4
15164.19123	-3.37535	1.68276	10	5095.37197	15.82177	3.46415E-4	7.71945E-4	0.00121
18764.08379	-3.40346	1.68245	10	5096.57146	18.66368	3.27843E-4	4.89599E-4	5.81977E-4
22364.09385	-3.84819	1.68214	10	5097.77208	21.50575	3.46182E-4	-6.86713E-5	3.64568E-4
25963.83042	-3.46151	1.6818	10	5098.97514	24.40142	3.2343E-4	3.90148E-4	7.58208E-4
29563.68662	-3.46382	1.68143	10	5100.17116	27.2397	3.55324E-4	5.95127E-4	6.70129E-4
33163.57243	-3.61453	1.6811	10	5101.35685	30.08481	3.59278E-4	4.56751E-5	0.00126
36763.42283	-3.66748	1.68078	10	5102.53608	32.9108	3.51366E-4	7.39338E-4	9.74093E-4
40363.33273	-3.92133	1.68044	10	5103.70909	35.72622	3.263E-4	1.10271E-4	0.00132
43963.07232	-3.64012	1.68011	10	5104.87747	38.54191	3.11096E-4	6.3402E-4	9.69153E-4
47562.78494	-3.42042	1.67979	10	5106.03739	41.33309	3.16173E-4	1.76882E-4	7.8055E-4
4414.63244	-3.67809	1.68605	12.5	5091.42946	6.68934	4.31413E-4	9.94735E-4	0.00101
8014.49879	-3.60194	1.68581	12.5	5092.88124	10.01024	3.60528E-4	-2.28275E-5	8.56967E-4
11614.31075	-3.33179	1.68552	12.5	5094.1706	12.98832	3.22425E-4	0.00147	8.51676E-4
15214.22108	-3.45134	1.68522	12.5	5095.38878	15.86385	3.44557E-4	7.70407E-4	0.0012
18814.08722	-3.40807	1.68492	12.5	5096.58799	18.70533	3.14424E-4	7.50267E-4	4.8115E-4
22414.09297	-3.84585	1.68461	12.5	5097.7887	21.55151	3.43907E-4	8.23191E-4	8.3791E-4
26013.80761	-3.34905	1.68428	12.5	5098.99192	24.4344	3.11212E-4	6.39409E-4	9.82721E-4
29613.68912	-3.48415	1.68394	12.5	5100.18772	27.28521	3.44425E-4	5.74592E-4	8.08996E-4
33213.56694	-3.61669	1.68361	12.5	5101.37322	30.12156	3.43938E-4	-5.28045E-4	9.1533E-4
36813.42018	-3.68303	1.68329	12.5	5102.55239	32.94826	3.39332E-4	8.97638E-4	7.62427E-4
40413.33424	-3.92689	1.68297	12.5	5103.72557	35.74954	3.39896E-4	4.30046E-4	0.00105
44013.07424	-3.67117	1.68266	12.5	5104.89355	38.58315	3.21623E-4	8.8268E-4	0.00118
47612.79614	-3.44027	1.68235	12.5	5106.05333	41.37829	3.1844E-4	4.44679E-4	6.30346E-4
4464.63274	-3.69488	1.68851	15	5091.45101	6.73815	4.36007E-4	0.00107	0.00155
8064.50787	-3.65886	1.68825	15	5092.89989	10.04347	3.74751E-4	-1.87955E-4	7.19745E-4
11664.29334	-3.29362	1.68794	15	5094.18779	13.03574	3.35634E-4	0.00164	9.42369E-4
15264.25117	-3.52785	1.68765	15	5095.40559	15.90595	3.42706E-4	7.62031E-4	0.00119
18864.0907	-3.41266	1.68736	15	5096.60452	18.747	3.00948E-4	0.00101	3.81162E-4
22464.09209	-3.8435	1.68705	15	5097.80532	21.59732	3.41611E-4	0.00172	0.00131
26063.78473	-3.236	1.68674	15	5099.0087	24.46728	2.98863E-4	8.87351E-4	0.00121
29663.69167	-3.50463	1.68642	15	5100.20429	27.33077	3.33299E-4	5.51764E-4	9.48738E-4
33263.56126	-3.61839	1.68611	15	5101.38959	30.15826	3.28473E-4	-0.0011	5.708E-4
36863.41753	-3.69862	1.6858	15	5102.5687	32.98567	3.27228E-4	0.00105	5.49189E-4
40463.3358	-3.9325	1.68548	15	5103.74207	35.77278	3.53486E-4	7.52364E-4	7.67272E-4
44063.07619	-3.70247	1.68518	15	5104.90963	38.62441	3.32201E-4	0.00113	0.00139
47662.80734	-3.45964	1.68489	15	5106.06927	41.42353	3.20785E-4	7.1632E-4	4.79177E-4
4514.64178	-3.72025	1.69067	17.5	5091.47238	6.78765	4.32676E-4	9.88045E-4	0.00113
8114.53344	-3.71182	1.69045	17.5	5092.91876	10.08606	3.80913E-4	3.26116E-4	8.16647E-4
11714.28145	-3.2472	1.69019	17.5	5094.2051	13.06496	3.30707E-4	0.00124	6.7761E-4
15314.25377	-3.54483	1.68991	17.5	5095.42254	15.94598	3.46202E-4	2.64163E-4	8.37434E-4
18914.0891	-3.39524	1.68964	17.5	5096.62119	18.7862	3.29745E-4	3.35942E-4	8.56301E-4
22514.09298	-3.85585	1.68935	17.5	5097.82209	21.63612	3.61445E-4	0.00109	9.43116E-4
26113.77691	-3.28438	1.68906	17.5	5099.02562	24.50523	3.23719E-4	-8.36859E-4	0.00104
29713.70327	-3.53942	1.68878	17.5	5100.22082	27.37668	3.20507E-4	4.47219E-4	0.00119
33313.57165	-3.63857	1.6885	17.5	5101.40609	30.19181	3.10792E-4	4.72337E-5	8.22217E-4
36913.43076	-3.73345	1.68822	17.5	5102.58513	33.0388	3.26883E-4	0.00144	7.24643E-4
40513.3315	-3.92435	1.68786	17.5	5103.75825	35.82785	3.39726E-4	8.64434E-4	7.0119E-4
44113.08185	-3.71214	1.68756	17.5	5104.92582	38.66489	3.13687E-4	8.65306E-4	0.00137
47712.83212	-3.52448	1.68732	17.5	5106.08509	41.45364	3.22223E-4	9.34405E-4	6.78876E-4
4564.65088	-3.74568	1.69281	20	5091.49374	6.83716	4.29297E-4	9.02365E-4	7.03995E-4
8164.55912	-3.76475	1.69263	20	5092.93764	10.12871	3.87022E-4	8.44726E-4	9.15114E-4
11764.26961	-3.20071	1.69241	20	5094.22241	13.09402	3.25624E-4	8.30416E-4	4.09793E-4
15364.25617	-3.56141	1.69215	20	5095.4395	15.98599	3.49736E-4	-2.37138E-4	4.82865E-4
18964.08746	-3.37765	1.69189	20	5096.63787	18.82539	3.58865E-4	-3.49345E-4	0.00134
22564.09388	-3.86828	1.69162	20	5097.83886	21.67489	3.81387E-4	4.54286E-4	5.67343E-4
26163.7692	-3.33408	1.69136	20	5099.04255	24.54322	3.48878E-4	-0.00258	8.68723E-4
29763.71492	-3.57431	1.69111	20	5100.23734	27.42259	3.07702E-4	3.42101E-4	0.00142
33363.58213	-3.65886	1.69086	20	5101.42258	30.22535	2.93098E-4	0.00121	0.00108
36963.44409	-3.76838	1.6906	20	5102.60155	33.09203	3.26606E-4	0.00183	9.02378E-4
40563.32718	-3.91615	1.69021	20	5103.77444	35.88304	3.25855E-4	9.75646E-4	6.35972E-4
44163.08753	-3.72168	1.68993	20	5104.94201	38.70536	2.95008E-4	5.95341E-4	0.00134
47762.857	-3.58965	1.68973	20	5106.10092	41.48364	3.23653E-4	0.00115	8.8113E-4
4614.66203	-3.77597	1.69475	22.5	5091.51503	6.88287	4.1126E-4	9.47694E-4	6.63629E-4
8214.56347	-3.79336	1.69459	22.5	5092.95616	10.17328	3.74319E-4	4.5151E-4	6.97761E-4
11814.25905	-3.15549	1.69439	22.5	5094.23973	13.14289	3.30425E-4	0.00111	5.07201E-4
15414.26252	-3.58082	1.69414	22.5	5095.45607	16.02217	3.37779E-4	5.37266E-4	4.67896E-4
19014.07563	-3.35802	1.6939	22.5	5096.65453	18.86778	3.55232E-4	3.50425E-4	9.49231E-4
22614.09541	-3.87173	1.69366	22.5	5097.85573	21.71436	3.58597E-4	0.00124	6.27566E-4
26213.79013	-3.39309	1.69343	22.5	5099.05916	24.56345	3.31844E-4	-0.003	5.75039E-4
29813.72738	-3.61434	1.69321	22.5	5100.25389	27.45359	3.16711E-4	-5.03233E-4	0.00165
33413.58622	-3.69783	1.69299	22.5	5101.439	30.27949	3.04386E-4	0.00128	0.00102
37013.45339	-3.81111	1.69276	22.5	5102.61779	33.12794	3.19911E-4	9.86769E-4	8.58607E-4
40613.32131	-3.90668	1.69243	22.5	5103.79088	35.91796	3.37062E-4	7.93254E-4	6.25829E-4
44213.10217	-3.8112	1.69217	22.5	5104.95829	38.74502	3.14587E-4	0.00126	0.00101
47812.86386	-3.62128	1.69197	22.5	5106.11661	41.52121	3.33299E-4	0.00145	9.19667E-4
4664.6732	-3.80629	1.69667	25	5091.53632	6.92856	3.93138E-4	9.93785E-4	6.25499E-4
8264.56769	-3.82184	1.69653	25	5092.97467	10.21786	3.61511E-4	5.3241E-5	4.78658E-4
11864.24851	-3.11027	1.69635	25	5094.25704	13.19194	3.35317E-4	0.00139	6.07927E-4
15464.2689	-3.60026	1.69611	25	5095.47263	16.05833	3.25715E-4	0.00132	4.55277E-4
19064.06373	-3.33838	1.69589	25	5096.67119	18.9102	3.51347E-4	0.00106	5.5596E-4
22664.09695	-3.87515	1.69568	25	5097.8726	21.75383	3.35606E-4	0.00202	6.89852E-4
26263.8113	-3.45217	1.69548	25	5099.07576	24.58354	3.14452E-4	-0.0034	2.80324E-4
29863.73984	-3.65439	1.69528	25	5100.27043	27.48449	3.25859E-4	-0.00135	0.00188
33463.59027	-3.7369	1.69509	25	5101.45542	30.33375	3.15846E-4	0.00135	9.68387E-4
37063.46267	-3.85387	1.69489	25	5102.63402	33.16376	3.13181E-4	1.32435E-4	8.13656E-4
40663.31543	-3.89722	1.69462	25	5103.80732	35.95279	3.48374E-4	6.09643E-4	6.15914E-4
44263.11685	-3.90114	1.69439	25	5104.97458	38.78467	3.34371E-4	0.00192	6.75304E-4
47862.87062	-3.65271	1.69418	25	5106.13229	41.55882	3.42996E-4	0.00174	9.57178E-4
1114.71491	-3.68016	1.69834	27.5	5090.24822	3.36608	1.49283E-4	3.2085E-4	9.39621E-4
4714.67737	-3.82647	1.69834	27.5	5091.55754	6.97329	4.16699E-4	8.53847E-4	6.73146E-4
8314.58994	-3.87981	1.6982	27.5	5092.99347	10.25849	3.74918E-4	2.85783E-4	7.17066E-4
11914.25873	-3.19339	1.69803	27.5	5094.27409	13.2415	3.45019E-4	7.8287E-4	7.90828E-4
15514.2807	-3.6337	1.69785	27.5	5095.48921	16.09751	3.26419E-4	0.00113	6.72199E-4
19114.059	-3.31852	1.69767	27.5	5096.6877	18.9439	3.48162E-4	0.00185	7.1713E-4
22714.09817	-3.89341	1.69748	27.5	5097.88918	21.79926	3.37071E-4	7.21044E-4	7.35019E-4
26313.82257	-3.47464	1.69731	27.5	5099.09232	24.63559	3.06524E-4	6.43594E-4	5.98261E-4
29913.75425	-3.71043	1.69715	27.5	5100.28694	27.52307	3.08853E-4	-0.00444	0.00116
33513.60492	-3.75536	1.69694	27.5	5101.4718	30.36374	3.3022E-4	0.00153	5.6644E-4
37113.48372	-3.91051	1.69674	27.5	5102.65052	33.19263	3.32569E-4	0.00146	1.16411E-4
40713.31398	-3.90156	1.69654	27.5	5103.8235	35.99363	3.33717E-4	9.995E-4	5.58518E-4
44313.14656	-3.96842	1.69634	27.5	5104.99077	38.82209	3.30617E-4	0.00198	7.39407E-4
47912.86793	-3.65817	1.69613	27.5	5106.1484	41.59804	3.37107E-4	0.00144	7.79842E-4
1164.73372	-3.72924	1.7	30	5090.25494	3.41185	1.67202E-4	-2.3108E-4	6.4448E-4
4764.68152	-3.84658	1.7	30	5091.57876	7.01803	4.40485E-4	7.12911E-4	7.21253E-4
8364.61228	-3.93793	1.69986	30	5093.01226	10.29909	3.88462E-4	5.2165E-4	9.57884E-4
11964.26915	-3.27773	1.69971	30	5094.29114	13.29107	3.54767E-4	1.62769E-4	9.74511E-4
15564.29254	-3.66724	1.69957	30	5095.5058	16.1367	3.27207E-4	9.4287E-4	8.90626E-4
19164.05432	-3.29866	1.69943	30	5096.70421	18.97754	3.44982E-4	0.00263	8.82782E-4
22764.09938	-3.91175	1.69927	30	5097.90577	21.84471	3.38651E-4	-5.91905E-4	7.80106E-4
26363.83377	-3.49684	1.69913	30	5099.10888	24.68789	2.98666E-4	0.00472	9.2074E-4
29963.76868	-3.76656	1.69899	30	5100.30345	27.5617	2.91695E-4	-0.00754	4.47587E-4
33563.61964	-3.77371	1.69878	30	5101.48817	30.39358	3.44611E-4	0.00172	1.62549E-4
37163.50483	-3.96721	1.69858	30	5102.66702	33.22147	3.52084E-4	0.00279	-5.84E-4
40763.31254	-3.90596	1.69844	30	5103.83967	36.0345	3.18948E-4	0.00139	5.00919E-4
44363.17634	-4.0356	1.69827	30	5105.00696	38.85949	3.26753E-4	0.00203	8.05361E-4
47962.8652	-3.66348	1.69808	30	5106.16452	41.63727	3.31128E-4	0.00113	6.01261E-4
1214.75291	-3.79222	1.70134	32.5	5090.2633	3.45734	1.62445E-4	-5.14708E-4	0.00112
4814.68853	-3.87446	1.70134	32.5	5091.60027	7.07405	4.10446E-4	3.87369E-4	9.20873E-4
8414.62046	-3.96399	1.70124	32.5	5093.0308	10.34066	3.82399E-4	0.00139	8.21356E-4
12014.297	-3.36747	1.70113	32.5	5094.30825	13.32426	3.56849E-4	3.10818E-4	0.00104
15614.30169	-3.70304	1.70102	32.5	5095.52267	16.17051	3.26379E-4	-1.17745E-4	6.6727E-4
19214.05142	-3.3076	1.7009	32.5	5096.72088	19.02848	3.42597E-4	0.00313	0.00115
22814.1069	-3.93043	1.70078	32.5	5097.92257	21.88385	3.28297E-4	-2.39336E-4	4.91601E-4
26413.84038	-3.52561	1.70065	32.5	5099.1254	24.73605	3.05239E-4	0.00431	5.79076E-4
30013.78309	-3.82503	1.70052	32.5	5100.32001	27.59861	3.00117E-4	-0.00765	8.90813E-4
33613.62111	-3.80068	1.70034	32.5	5101.50466	30.41034	3.45392E-4	-0.0016	1.46429E-4
37213.52	-4.02765	1.70018	32.5	5102.68322	33.26574	3.45556E-4	0.00125	-1.70511E-4
40813.3118	-3.89863	1.70009	32.5	5103.85594	36.06323	3.12716E-4	0.00115	7.31169E-4
44413.18635	-4.08149	1.69997	32.5	5105.0232	38.89239	3.25285E-4	0.00169	6.78264E-4
48012.88516	-3.72795	1.69982	32.5	5106.18045	41.67629	3.29139E-4	5.21331E-4	9.02411E-4
1264.77209	-3.85529	1.70267	35	5090.27168	3.50283	1.57553E-4	-7.96737E-4	0.00159
4864.69555	-3.90237	1.70267	35	5091.62178	7.13014	3.80133E-4	6.08869E-5	0.00112
8464.62858	-3.98991	1.70261	35	5093.04934	10.38223	3.7625E-4	0.00226	6.83179E-4
12064.32501	-3.45725	1.70255	35	5094.32535	13.35731	3.58863E-4	4.65694E-4	0.0011
15664.31081	-3.73886	1.70245	35	5095.53955	16.20428	3.25541E-4	-0.00118	4.41275E-4
19264.04854	-3.31676	1.70236	35	5096.73755	19.07957	3.40218E-4	0.00363	0.00143
22864.11444	-3.9491	1.70227	35	5097.93936	21.92296	3.1789E-4	1.20765E-4	2.01588E-4
26463.84696	-3.55444	1.70216	35	5099.14192	24.78419	3.11912E-4	0.00387	2.32789E-4
30063.79749	-3.8835	1.70205	35	5100.33658	27.6355	3.08672E-4	-0.00775	0.00134
33663.62251	-3.8277	1.7019	35	5101.52114	30.42703	3.46104E-4	-0.00493	1.32255E-4
37263.53515	-4.08809	1.70178	35	5102.69942	33.31007	3.38927E-4	-3.1039E-4	2.47322E-4
40863.31106	-3.89125	1.70173	35	5103.87221	36.0919	3.06521E-4	8.97232E-4	9.62642E-4
44463.19629	-4.12731	1.70165	35	5105.03944	38.92528	3.23824E-4	0.00136	5.50517E-4
48062.90525	-3.79277	1.70155	35	5106.19638	41.71532	3.27173E-4	-8.67645E-5	0.00121
1314.79172	-3.91631	1.7037	37.5	5090.28101	3.54578	1.87333E-4	5.34883E-4	0.0013
4914.71036	-3.94374	1.7037	37.5	5091.64286	7.16681	4.01546E-4	-3.4283E-5	9.99157E-4
8514.63818	-4.03889	1.70365	37.5	5093.0676	10.42756	3.6176E-4	0.00185	5.96324E-4
12114.36951	-3.58193	1.7036	37.5	5094.34258	13.40097	3.45941E-4	9.00166E-4	8.18215E-4
15714.3241	-3.79334	1.70355	37.5	5095.55619	16.25734	3.24387E-4	2.93483E-4	8.8558E-4
19314.06017	-3.36366	1.70349	37.5	5096.75422	19.1057	3.26722E-4	0.0046	0.001
22914.11916	-3.96325	1.70344	37.5	5097.95604	21.94811	3.18927E-4	4.20315E-4	-1.85513E-4
26513.85765	-3.60601	1.70336	37.5	5099.15831	24.83128	3.24488E-4	0.00267	2.37682E-4
30113.81898	-3.95504	1.70329	37.5	5100.35341	27.67733	3.29446E-4	-0.00294	9.36297E-4
33713.63331	-3.86153	1.70319	37.5	5101.53735	30.4922	3.40436E-4	0.00336	3.28732E-4
37313.5504	-4.1374	1.70311	37.5	5102.71596	33.35337	3.47564E-4	4.57269E-4	2.26994E-4
40913.30834	-3.89557	1.70307	37.5	5103.88853	36.15534	3.13472E-4	3.41906E-4	6.18262E-4
44513.20662	-4.16499	1.70301	37.5	5105.05556	38.96151	3.33618E-4	0.00104	6.45693E-4
48112.91984	-3.8424	1.70294	37.5	5106.21217	41.75583	3.20995E-4	2.7675E-4	0.00107
1364.81135	-3.97732	1.70473	40	5090.29034	3.58872	2.17292E-4	0.00187	0.00101
4964.72521	-3.98517	1.70473	40	5091.66394	7.20339	4.23201E-4	-1.28364E-4	8.75531E-4
8564.64779	-4.08797	1.70469	40	5093.08585	10.47291	3.47237E-4	0.00145	5.0967E-4
12164.41414	-3.70688	1.70465	40	5094.3598	13.44472	3.32903E-4	0.00134	5.29243E-4
15764.33741	-3.84793	1.70464	40	5095.57283	16.31051	3.23232E-4	0.00178	0.00133
19364.07192	-3.41088	1.70462	40	5096.77088	19.13162	3.13134E-4	0.00557	5.73903E-4
22964.12388	-3.97738	1.7046	40	5097.97271	21.97322	3.20012E-4	7.19616E-4	-5.73014E-4
26563.86836	-3.65773	1.70456	40	5099.1747	24.87836	3.37104E-4	0.00147	2.4489E-4
30163.84049	-4.02664	1.70451	40	5100.37024	27.71917	3.50274E-4	0.00189	5.28679E-4
33763.64416	-3.8954	1.70446	40	5101.55356	30.55761	3.34739E-4	0.01171	5.26211E-4
37363.56564	-4.18667	1.70442	40	5102.7325	33.39666	3.56249E-4	0.00123	2.05269E-4
40963.3056	-3.89993	1.7044	40	5103.90486	36.21892	3.20478E-4	-2.14701E-4	2.71476E-4
44563.21696	-4.20265	1.70436	40	5105.07169	38.99775	3.43443E-4	7.26763E-4	7.41507E-4
48162.93441	-3.89194	1.70431	40	5106.22795	41.79635	3.14798E-4	6.45021E-4	9.31883E-4
1414.82253	-4.01154	1.70536	42.5	5090.30073	3.63971	2.32467E-4	0.00128	0.00107
5014.73635	-4.0257	1.70536	42.5	5091.68512	7.26398	4.26899E-4	5.23423E-4	7.30528E-4
8614.65787	-4.12648	1.70536	42.5	5093.10426	10.51846	3.64729E-4	0.00136	8.2988E-4
12214.42714	-3.75356	1.70536	42.5	5094.37697	13.477	3.54154E-4	9.8349E-4	0.001
15814.35623	-3.90648	1.70538	42.5	5095.58971	16.33363	3.25958E-4	0.00229	0.00106
19414.08614	-3.45844	1.70539	42.5	5096.78738	19.18013	3.2437E-4	0.00235	7.71651E-4
23014.12432	-3.99789	1.7054	42.5	5097.9892	22.04574	3.25933E-4	0.00102	-4.23767E-5
26613.88341	-3.70018	1.70539	42.5	5099.19171	24.91349	3.20493E-4	9.19673E-4	4.96974E-4
30213.85797	-4.10061	1.70537	42.5	5100.38649	27.76285	3.31215E-4	0.0012	9.41656E-4
33813.64877	-3.93223	1.70536	42.5	5101.57016	30.58248	3.19758E-4	0.00801	3.71404E-4
37413.577	-4.23673	1.70535	42.5	5102.74885	33.42764	3.51544E-4	-2.6982E-4	1.18654E-4
41013.30971	-3.93395	1.70534	42.5	5103.9212	36.24747	3.21056E-4	4.36852E-4	5.99642E-4
44613.22932	-4.25406	1.70534	42.5	5105.08795	39.04396	3.39309E-4	5.41786E-4	5.9292E-4
48212.95862	-3.99024	1.70534	42.5	5106.24386	41.83484	3.25014E-4	8.96456E-4	0.00111
1464.83368	-4.04564	1.70599	45	5090.31112	3.69072	2.47577E-4	6.77553E-4	0.00113
5064.74748	-4.06622	1.70599	45	5091.70629	7.32468	4.30523E-4	0.00118	5.85436E-4
8664.66796	-4.16496	1.70602	45	5093.12266	10.56401	3.82332E-4	0.00128	0.00115
12264.43995	-3.79978	1.70606	45	5094.39414	13.50921	3.75609E-4	6.25481E-4	0.00148
15864.37508	-3.96506	1.70612	45	5095.60659	16.35661	3.28704E-4	0.00279	7.80345E-4
19464.10038	-3.506	1.70617	45	5096.80388	19.22881	3.35797E-4	-9.06525E-4	9.74231E-4
23064.12475	-4.01842	1.70619	45	5098.0057	22.11846	3.31873E-4	0.00131	4.91866E-4
26663.89848	-3.74258	1.70621	45	5099.20872	24.94856	3.03705E-4	3.74294E-4	7.50541E-4
30263.87544	-4.17459	1.70623	45	5100.40274	27.80654	3.12012E-4	4.81864E-4	0.00136
33863.65335	-3.96908	1.70625	45	5101.58677	30.60717	3.04738E-4	0.00426	2.15075E-4
37463.58835	-4.2868	1.70627	45	5102.7652	33.4586	3.46806E-4	-0.00178	3.1879E-5
41063.31384	-3.9681	1.70628	45	5103.93755	36.27587	3.21607E-4	0.00109	9.30634E-4
44663.24169	-4.3055	1.70631	45	5105.1042	39.09019	3.35143E-4	3.571E-4	4.43783E-4
48262.98287	-4.08874	1.70636	45	5106.25978	41.87333	3.353E-4	0.00115	0.00129
1514.83472	-4.07079	1.70627	47.5	5090.32294	3.74322	2.49602E-4	0.00137	0.00129
5114.75496	-4.11824	1.70627	47.5	5091.72733	7.3751	4.35651E-4	0.00115	7.84683E-4
8714.67676	-4.20527	1.70633	47.5	5093.14105	10.60768	3.64865E-4	0.00102	6.92761E-4
12314.45377	-3.85154	1.70639	47.5	5094.4111	13.55443	3.76736E-4	-3.26221E-6	0.00112
15914.38916	-4.02342	1.70646	47.5	5095.62308	16.39611	3.24465E-4	0.00194	6.65347E-4
19514.1163	-3.57355	1.70653	47.5	5096.82034	19.25966	3.25177E-4	-3.52008E-4	6.34365E-4
23114.13088	-4.04972	1.7066	47.5	5098.02264	22.1506	3.19592E-4	6.12149E-4	8.83828E-4
26713.91119	-3.80026	1.70666	47.5	5099.22543	25.00307	3.03059E-4	0.00162	8.29708E-4
30313.89437	-4.24218	1.70671	47.5	5100.41905	27.82475	3.03896E-4	0.00148	3.11947E-4
33913.66552	-4.01637	1.70677	47.5	5101.60313	30.65671	3.06428E-4	0.0026	6.5419E-4
37513.60192	-4.34518	1.70682	47.5	5102.78148	33.52208	3.30005E-4	1.56106E-4	8.76746E-5
41113.32353	-4.01202	1.70687	47.5	5103.95367	36.31467	3.22596E-4	5.50466E-4	7.40074E-4
44713.24449	-4.33855	1.70693	47.5	5105.12039	39.1294	3.22071E-4	9.3045E-4	-5.07615E-4
48313.00506	-4.16271	1.70698	47.5	5106.27558	41.9172	3.22232E-4	8.76683E-4	7.24915E-4
1564.83573	-4.09589	1.70655	50	5090.33477	3.79573	2.51576E-4	0.00207	0.00145
5164.76243	-4.1703	1.70655	50	5091.74837	7.42547	4.40785E-4	0.00112	9.8519E-4
8764.68555	-4.24558	1.70664	50	5093.15944	10.65134	3.47291E-4	7.60819E-4	2.31653E-4
12364.46759	-3.90333	1.70672	50	5094.42805	13.59971	3.77757E-4	-6.33419E-4	7.54394E-4
15964.40322	-4.08177	1.7068	50	5095.63958	16.43568	3.20198E-4	0.00107	5.5102E-4
19564.13222	-3.64124	1.7069	50	5096.83681	19.29039	3.14402E-4	2.29282E-4	2.90684E-4
23164.13702	-4.08105	1.70701	50	5098.03958	22.18259	3.07243E-4	-9.29272E-5	0.00128
26763.92389	-3.85802	1.70711	50	5099.24214	25.05769	3.025E-4	0.00288	9.07943E-4
30363.91331	-4.30975	1.7072	50	5100.43537	27.84289	2.9581E-4	0.00249	-7.37606E-4
33963.67771	-4.06371	1.70728	50	5101.61948	30.70634	3.08184E-4	9.5114E-4	0.0011
37563.6155	-4.40358	1.70737	50	5102.79775	33.58563	3.13181E-4	0.0021	1.43744E-4
41163.33323	-4.05597	1.70746	50	5103.96979	36.35352	3.23587E-4	2.76447E-6	5.47469E-4
44763.24728	-4.37157	1.70754	50	5105.13658	39.16858	3.08983E-4	0.00151	-0.00146
48363.02725	-4.2366	1.70761	50	5106.29138	41.96108	3.0909E-4	6.04333E-4	1.60924E-4
1614.84519	-4.1331	1.70646	52.5	5090.34766	3.84233	2.68194E-4	6.55056E-4	0.00153
5214.77444	-4.22007	1.70646	52.5	5091.76917	7.47508	4.18152E-4	0.0011	0.00103
8814.68131	-4.25611	1.70658	52.5	5093.1776	10.6938	3.59448E-4	0.00144	4.81556E-4
12414.48452	-3.96408	1.70669	52.5	5094.4452	13.63611	3.67319E-4	7.38782E-5	0.00117
16014.4124	-4.13328	1.70682	52.5	5095.65627	16.48304	3.41993E-4	0.00111	1.70183E-4
19614.14703	-3.71614	1.70694	52.5	5096.8535	19.33006	3.2367E-4	5.13007E-4	4.4421E-4
23214.14003	-4.10118	1.70707	52.5	5098.05616	22.22543	3.17231E-4	3.10214E-4	0.00132
26813.95074	-3.9549	1.70719	52.5	5099.25865	25.10573	3.14311E-4	0.00283	5.69157E-4
30413.9271	-4.35848	1.70732	52.5	5100.45199	27.89477	3.02849E-4	7.54275E-4	-2.17524E-4
34013.6822	-4.10138	1.70744	52.5	5101.63587	30.75369	3.18147E-4	0.0019	7.51709E-4
37613.62595	-4.44021	1.70756	52.5	5102.81395	33.60789	3.20598E-4	0.00179	3.77779E-4
41213.34085	-4.09291	1.70768	52.5	5103.98617	36.39397	3.36461E-4	4.08495E-5	1.79448E-4
44813.24776	-4.37878	1.70777	52.5	5105.1527	39.20616	3.25594E-4	0.00108	-3.86499E-4
48413.03576	-4.29642	1.70785	52.5	5106.30733	41.99642	3.04169E-4	0.00158	2.57541E-4
1664.85467	-4.17036	1.70635	55	5090.36055	3.88891	2.84866E-4	-7.66271E-4	0.00162
5264.78647	-4.26982	1.70635	55	5091.78997	7.52468	3.9543E-4	0.00107	0.00108
8864.67704	-4.26656	1.7065	55	5093.19576	10.73625	3.71686E-4	0.00213	7.33373E-4
12464.50145	-4.02488	1.70665	55	5094.46234	13.67246	3.56827E-4	7.87412E-4	0.00158
16064.42157	-4.18476	1.70682	55	5095.67297	16.53042	3.6388E-4	0.00116	-2.11598E-4
19664.16182	-3.79108	1.70697	55	5096.8702	19.36978	3.33066E-4	7.94833E-4	6.00911E-4
23264.14302	-4.12127	1.70711	55	5098.07275	22.26831	3.27297E-4	7.17191E-4	0.00136
26863.97765	-4.05196	1.70728	55	5099.27517	25.15375	3.26181E-4	0.00278	2.28397E-4
30463.94089	-4.40718	1.70744	55	5100.46861	27.94671	3.09917E-4	-9.8542E-4	3.05577E-4
34063.68666	-4.13902	1.70759	55	5101.65225	30.80103	3.28138E-4	0.00287	4.05068E-4
37663.6364	-4.47681	1.70774	55	5102.83015	33.63011	3.28045E-4	0.00148	6.12041E-4
41263.34847	-4.12983	1.70789	55	5104.00256	36.43443	3.49376E-4	8.09425E-5	-1.89174E-4
44863.24823	-4.38596	1.708	55	5105.16882	39.24374	3.42247E-4	6.48693E-4	6.90329E-4
48463.04424	-4.35621	1.7081	55	5106.32327	42.03175	2.99265E-4	0.00256	3.5557E-4
1714.86304	-4.21913	1.70583	57.5	5090.37438	3.93034	2.92096E-4	-1.63421E-4	0.00122
5314.7832	-4.27227	1.70583	57.5	5091.81101	7.55272	3.96789E-4	1.61576E-4	0.00158
8914.6802	-4.28462	1.70603	57.5	5093.21409	10.77519	3.74486E-4	0.00101	6.0942E-4
12514.51151	-4.08471	1.70621	57.5	5094.47949	13.70931	3.4493E-4	3.86992E-4	0.00118
16114.43439	-4.23591	1.70639	57.5	5095.68981	16.57249	3.36951E-4	0.00152	2.17177E-4
19714.18571	-3.87032	1.70657	57.5	5096.88698	19.41287	3.1964E-4	0.00195	2.55125E-4
23314.14433	-4.14807	1.70675	57.5	5098.08979	22.29487	3.23677E-4	-0.00181	0.00122
26913.99939	-4.1438	1.70694	57.5	5099.29188	25.16961	3.32928E-4	0.00238	8.85106E-4
30513.95096	-4.45896	1.70713	57.5	5100.485	27.98896	3.24774E-4	0.00117	7.72107E-4
34113.69751	-4.18463	1.70731	57.5	5101.66879	30.82505	3.46856E-4	-2.20446E-4	5.87705E-4
37713.63813	-4.50443	1.70748	57.5	5102.84656	33.65816	3.29237E-4	0.00165	8.04017E-4
41313.35775	-4.17459	1.70764	57.5	5104.01879	36.47603	3.4811E-4	3.84945E-4	4.29099E-5
44913.24864	-4.41524	1.70779	57.5	5105.18512	39.28586	3.27682E-4	0.00104	8.39075E-4
48513.04987	-4.37474	1.70794	57.5	5106.33918	42.05483	3.10203E-4	0.0023	5.16581E-4
1764.8714	-4.26793	1.70528	60	5090.38821	3.97177	2.99294E-4	4.46141E-4	8.30467E-4
5364.7799	-4.2746	1.70528	60	5091.83206	7.58069	3.98212E-4	-7.51545E-4	0.00208
8964.68337	-4.3027	1.70553	60	5093.23242	10.81413	3.77262E-4	-1.0796E-4	4.84465E-4
12564.52154	-4.14454	1.70575	60	5094.49665	13.74617	3.33027E-4	-1.78606E-5	7.7015E-4
16164.44722	-4.28706	1.70594	60	5095.70665	16.61455	3.09877E-4	0.00188	6.48358E-4
19764.20966	-3.94957	1.70615	60	5096.90375	19.45598	3.06087E-4	0.00311	-9.34669E-5
23364.14563	-4.17489	1.70636	60	5098.10683	22.32138	3.20011E-4	-0.00434	0.00108
26964.0211	-4.23562	1.70659	60	5099.3086	25.18537	3.39657E-4	0.00197	0.00155
30563.96103	-4.51075	1.70682	60	5100.50138	28.0312	3.39642E-4	0.00333	0.00124
34163.70838	-4.23026	1.70702	60	5101.68533	30.849	3.656E-4	-0.00332	7.71962E-4
37763.63986	-4.53204	1.70721	60	5102.86296	33.68621	3.30424E-4	0.00182	9.9596E-4
41363.36704	-4.21937	1.70737	60	5104.03501	36.51764	3.46801E-4	6.89744E-4	2.76808E-4
44963.24904	-4.44455	1.70757	60	5105.20142	39.32798	3.13072E-4	0.00144	9.86506E-4
48563.0555	-4.3932	1.70777	60	5106.35509	42.07789	3.21167E-4	0.00203	6.77699E-4
1814.87415	-4.259	1.7044	62.5	5090.40267	4.0085	3.02951E-4	5.68915E-4	6.73907E-5
5414.77954	-4.29216	1.7044	62.5	5091.85295	7.64718	4.13098E-4	2.41052E-4	0.0018
9014.68942	-4.33072	1.70468	62.5	5093.25062	10.848	3.69134E-4	9.10364E-4	9.1889E-5
12614.54099	-4.21901	1.70492	62.5	5094.51365	13.79241	3.2575E-4	9.55294E-4	6.66873E-4
16214.46068	-4.3376	1.70513	62.5	5095.72321	16.65466	2.9618E-4	0.00175	3.7661E-4
19814.22798	-4.02889	1.70536	62.5	5096.92027	19.49264	2.96951E-4	0.00168	3.52139E-4
23414.15397	-4.21353	1.7056	62.5	5098.12335	22.36588	3.23332E-4	0.00213	0.00116
27014.04384	-4.32156	1.70586	62.5	5099.32532	25.26347	3.32511E-4	0.00305	0.00123
30613.97075	-4.57099	1.70612	62.5	5100.51805	28.08053	3.40141E-4	9.30249E-4	4.63327E-4
34213.72176	-4.28228	1.70637	62.5	5101.70168	30.92516	3.47124E-4	-0.0033	0.00103
37813.64145	-4.55909	1.70658	62.5	5102.87901	33.70458	3.20599E-4	-1.3438E-4	0.00102
41413.36804	-4.26058	1.70676	62.5	5104.05136	36.55468	3.35395E-4	7.13754E-4	-1.20687E-4
45013.2538	-4.47317	1.70698	62.5	5105.21743	39.36345	3.13542E-4	0.00167	9.04839E-4
48613.06418	-4.446	1.7072	62.5	5106.3711	42.13231	3.25537E-4	0.00144	8.25375E-4
1864.87688	-4.24989	1.70349	65	5090.41713	4.04522	3.06597E-4	6.90238E-4	-6.96786E-4
5464.77919	-4.30977	1.7035	65	5091.87385	7.71378	4.28023E-4	0.00124	0.00152
9064.69548	-4.35875	1.7038	65	5093.26882	10.88185	3.60979E-4	0.00193	-3.01366E-4
12664.56046	-4.29353	1.70406	65	5094.53066	13.83869	3.18488E-4	0.00193	5.64625E-4
16264.47415	-4.38814	1.7043	65	5095.73976	16.69476	2.82515E-4	0.00161	1.03137E-4
19864.24628	-4.1082	1.70455	65	5096.93679	19.52927	2.87835E-4	2.31719E-4	8.01412E-4
23464.16233	-4.25221	1.70482	65	5098.13987	22.41044	3.26675E-4	0.00863	0.00125
27064.06658	-4.40748	1.70511	65	5099.34204	25.34175	3.25329E-4	0.00414	9.21731E-4
30663.98048	-4.63124	1.70541	65	5100.53472	28.12986	3.4063E-4	-0.00147	-3.12862E-4
34263.73514	-4.3343	1.7057	65	5101.71802	31.00146	3.2855E-4	-0.00326	0.00128
37863.64304	-4.58615	1.70594	65	5102.89505	33.72294	3.10769E-4	-0.00209	0.00104
41463.36902	-4.30178	1.70613	65	5104.06771	36.5917	3.23964E-4	7.37049E-4	-5.1979E-4
45063.25856	-4.5018	1.70637	65	5105.23344	39.39891	3.14029E-4	0.0019	8.22896E-4
48663.07286	-4.49885	1.70661	65	5106.38711	42.18677	3.29898E-4	8.38278E-4	9.73033E-4
1914.87006	-4.29135	1.70225	67.5	5090.43239	4.11208	3.12585E-4	7.86615E-4	6.19269E-5
5514.78032	-4.33494	1.70227	67.5	5091.89459	7.75563	4.19497E-4	0.00101	0.00127
9114.69374	-4.38526	1.70257	67.5	5093.28694	10.92974	3.67121E-4	0.00184	-8.82286E-6
12714.58085	-4.37481	1.70284	67.5	5094.5477	13.89081	3.429E-4	0.00144	6.82263E-4
16314.48038	-4.44565	1.70309	67.5	5095.75654	16.73574	3.00255E-4	0.00191	3.9884E-4
19914.26318	-4.18463	1.70337	67.5	5096.95352	19.57738	3.04489E-4	-7.12145E-4	7.59219E-4
23514.16528	-4.28219	1.70368	67.5	5098.15669	22.44016	3.20145E-4	0.00988	8.334E-4
27114.08323	-4.48002	1.70397	67.5	5099.35874	25.42635	3.23792E-4	0.00344	8.0488E-4
30713.98962	-4.67861	1.70427	67.5	5100.55109	28.1564	3.13187E-4	1.95717E-4	-2.07285E-4
34313.74645	-4.39735	1.70458	67.5	5101.73425	31.02235	3.35249E-4	-0.00192	0.00107
37913.639	-4.5979	1.70484	67.5	5102.91148	33.84285	3.36844E-4	3.46658E-5	9.51848E-4
41513.37612	-4.33908	1.70504	67.5	5104.08386	36.62819	3.26354E-4	0.00103	3.35939E-4
45113.26176	-4.55361	1.70531	67.5	5105.25001	39.43785	3.21372E-4	0.00261	8.36784E-4
48713.09842	-4.5982	1.70559	67.5	5106.40297	42.22103	3.25572E-4	3.96602E-4	5.66344E-4
1964.86321	-4.33296	1.70098	70	5090.44766	4.17902	3.1858E-4	8.82923E-4	8.24857E-4
5564.78144	-4.36014	1.701	70	5091.91533	7.79741	4.10908E-4	7.70337E-4	0.00103
9164.69197	-4.41175	1.70131	70	5093.30505	10.97765	3.73295E-4	0.00175	2.85291E-4
12764.60124	-4.4561	1.70159	70	5094.56474	13.94295	3.67395E-4	9.52833E-4	8.00471E-4
16364.4866	-4.50317	1.70185	70	5095.77331	16.77673	3.18055E-4	0.00221	6.95632E-4
19964.28008	-4.26104	1.70216	70	5096.97026	19.62554	3.2124E-4	-0.00165	7.1517E-4
23564.16821	-4.31215	1.7025	70	5098.17351	22.46985	3.13588E-4	0.01112	4.19585E-4
27164.09987	-4.55254	1.7028	70	5099.37544	25.51097	3.22265E-4	0.00273	6.88354E-4
30763.99875	-4.72598	1.70312	70	5100.56747	28.18294	2.85744E-4	0.00186	-1.0149E-4
34363.75774	-4.46043	1.70344	70	5101.75048	31.04314	3.41999E-4	-5.67556E-4	8.6943E-4
37963.63496	-4.60964	1.70372	70	5102.92791	33.9628	3.62934E-4	0.00216	8.59564E-4
41563.38324	-4.37636	1.70392	70	5104.10002	36.66469	3.28776E-4	0.00133	0.00119
45163.26497	-4.60544	1.70422	70	5105.26658	39.47679	3.28722E-4	0.00332	8.50768E-4
48763.12399	-4.69757	1.70455	70	5106.41883	42.25527	3.21239E-4	-4.47504E-5	1.59313E-4
2014.86661	-4.34759	1.69935	72.5	5090.46368	4.24009	3.38731E-4	0.00109	0.00104
5614.78413	-4.37804	1.69938	72.5	5091.93591	7.83552	4.11661E-4	7.04525E-4	0.001
9214.69561	-4.43241	1.6997	72.5	5093.32308	11.04211	3.53433E-4	6.63608E-4	4.61131E-4
12814.62192	-4.54632	1.69999	72.5	5094.58177	13.98389	3.52849E-4	0.00131	9.46453E-4
16414.50057	-4.55403	1.70027	72.5	5095.78975	16.81467	3.13491E-4	-1.22484E-4	6.38648E-4
20014.30081	-4.33296	1.7006	72.5	5096.98671	19.65874	3.08479E-4	-0.00112	9.20231E-4
23614.19125	-4.42029	1.70096	72.5	5098.1902	22.50983	3.05966E-4	0.00619	8.5883E-4
27214.11599	-4.62875	1.70127	72.5	5099.39194	25.50617	3.29044E-4	0.00112	9.68504E-4
30814.012	-4.77829	1.70159	72.5	5100.58384	28.27778	3.02848E-4	0.0042	-1.32133E-4
34413.76489	-4.50824	1.70192	72.5	5101.76689	31.0648	3.27701E-4	0.00222	6.2405E-4
38013.64171	-4.64632	1.70222	72.5	5102.94422	33.96357	3.39182E-4	2.1888E-4	8.55145E-4
41613.39272	-4.41068	1.70248	72.5	5104.11624	36.69356	3.09009E-4	0.00208	0.00122
45213.27384	-4.62873	1.70279	72.5	5105.28272	39.52492	3.25634E-4	9.42203E-4	3.20491E-4
48813.13411	-4.7477	1.7031	72.5	5106.43483	42.29945	3.21363E-4	4.04477E-4	5.85397E-4
2064.87005	-4.36215	1.69767	75	5090.4797	4.30115	3.58923E-4	0.0013	0.00125
5664.78682	-4.39592	1.6977	75	5091.95648	7.87363	4.12439E-4	6.39153E-4	9.82954E-4
9264.69925	-4.45305	1.69804	75	5093.3411	11.1066	3.33513E-4	-4.23945E-4	6.36715E-4
12864.6426	-4.63656	1.69835	75	5094.59879	14.02481	3.38233E-4	0.00166	0.00109
16464.51456	-4.60488	1.69865	75	5095.80619	16.85259	3.08893E-4	-0.00246	5.81146E-4
20064.32155	-4.40486	1.699	75	5097.00316	19.69189	2.95629E-4	-5.84609E-4	0.00113
23664.21433	-4.52862	1.69937	75	5098.20689	22.54983	2.98341E-4	0.00125	0.0013
27264.13211	-4.70496	1.6997	75	5099.40844	25.50129	3.3583E-4	-4.94227E-4	0.00125
30864.02524	-4.83059	1.70004	75	5100.60021	28.37251	3.19938E-4	0.00654	-1.62458E-4
34463.77203	-4.55603	1.70036	75	5101.7833	31.08645	3.13373E-4	0.00502	3.78612E-4
38063.64847	-4.683	1.70069	75	5102.96054	33.96428	3.15405E-4	-0.00173	8.50768E-4
41663.4022	-4.44499	1.70101	75	5104.13245	36.72241	2.89196E-4	0.00284	0.00125
45263.28272	-4.652	1.70133	75	5105.29886	39.57306	3.22538E-4	-0.00144	-2.10156E-4
48863.14423	-4.79788	1.70164	75	5106.45083	42.34364	3.21492E-4	8.53163E-4	0.00101
2114.86798	-4.36874	1.69571	77.5	5090.49649	4.34188	3.66411E-4	0.00127	0.00106
5714.79099	-4.41928	1.69575	77.5	5091.97724	7.93181	4.16808E-4	0.0013	8.0446E-4
9314.7037	-4.48699	1.6961	77.5	5093.35931	11.1315	3.4124E-4	-8.71509E-4	7.17879E-4
12914.67036	-4.73456	1.69643	77.5	5094.61565	14.05437	3.30705E-4	8.83831E-4	0.00119
16514.52713	-4.66064	1.69674	77.5	5095.82298	16.89186	3.27296E-4	-0.00291	6.89951E-4
20114.3396	-4.48029	1.69709	77.5	5097.02002	19.73827	3.17847E-4	8.18933E-4	0.00127
23714.22795	-4.57088	1.69746	77.5	5098.22353	22.59877	3.1987E-4	-3.82282E-4	0.00117
27314.15617	-4.78768	1.69781	77.5	5099.42496	25.50968	3.25563E-4	0.0015	0.00161
30914.02639	-4.87321	1.69816	77.5	5100.61646	28.31129	3.17665E-4	6.97031E-4	2.48439E-4
34513.78426	-4.60342	1.69849	77.5	5101.79962	31.15132	3.22437E-4	0.00292	6.21708E-4
38113.65226	-4.7204	1.69884	77.5	5102.97677	33.98958	3.23261E-4	-7.68759E-4	7.22073E-4
41713.43955	-4.58253	1.6992	77.5	5104.14865	36.78092	2.93321E-4	0.00259	0.00103
45313.27711	-4.65356	1.69951	77.5	5105.31496	39.6077	3.2747E-4	0.00121	1.90444E-4
48913.15977	-4.92092	1.6998	77.5	5106.46696	42.38532	3.27021E-4	5.3525E-4	0.00118
2164.8659	-4.37531	1.69368	80	5090.51328	4.38255	3.73862E-4	0.00124	8.67104E-4
5764.79516	-4.44265	1.69375	80	5091.99799	7.99005	4.21185E-4	0.00196	6.25579E-4
9364.70816	-4.52096	1.69411	80	5093.37751	11.15633	3.49022E-4	-0.00132	7.98853E-4
12964.69812	-4.83257	1.69445	80	5094.63251	14.08391	3.23178E-4	1.04176E-4	0.00129
16564.5397	-4.71641	1.69478	80	5095.83978	16.93113	3.45719E-4	-0.00335	7.98907E-4
20164.35764	-4.55572	1.69512	80	5097.03688	19.78468	3.4014E-4	0.00222	0.00141
23764.24155	-4.61304	1.6955	80	5098.24017	22.64773	3.41443E-4	-0.00201	0.00103
27364.18021	-4.87038	1.69589	80	5099.44149	25.5181	3.15319E-4	0.0035	0.00197
30964.02755	-4.91581	1.69622	80	5100.63271	28.25025	3.15388E-4	-0.00514	6.59133E-4
34563.79649	-4.65082	1.69656	80	5101.81594	31.21624	3.31525E-4	8.17073E-4	8.65315E-4
38163.65605	-4.75779	1.69691	80	5102.993	34.01488	3.3112E-4	1.88037E-4	5.93394E-4
41763.47693	-4.72022	1.69735	80	5104.16484	36.83946	2.97484E-4	0.00233	8.0442E-4
45363.27149	-4.65512	1.69765	80	5105.33107	39.64233	3.32405E-4	0.00387	5.91348E-4
48963.17533	-5.04386	1.69793	80	5106.48309	42.42699	3.3254E-4	2.17714E-4	0.00136
2214.85715	-4.36835	1.69135	82.5	5090.53069	4.43162	3.5905E-4	0.00117	0.00129
5814.79605	-4.45928	1.6915	82.5	5092.01854	8.04934	4.29207E-4	0.00111	8.50946E-4
9414.71459	-4.54356	1.69187	82.5	5093.39546	11.19671	3.39342E-4	2.0645E-4	5.59952E-4
13014.72413	-4.92127	1.69214	82.5	5094.64935	14.11494	3.0468E-4	5.35144E-4	0.00165
16614.54995	-4.75912	1.69254	82.5	5095.85635	16.96267	3.33788E-4	-9.13639E-4	8.55739E-4
20214.36157	-4.53837	1.69285	82.5	5097.05349	19.81265	3.43197E-4	0.0018	9.27592E-4
23814.25087	-4.65821	1.69319	82.5	5098.25694	22.67644	3.49447E-4	-0.0048	5.76653E-4
27414.19396	-4.93586	1.69363	82.5	5099.4581	25.55626	3.35361E-4	0.00324	0.0013
31014.04566	-4.94926	1.69392	82.5	5100.64938	28.37442	3.09769E-4	-0.00515	8.60487E-4
34613.80624	-4.70929	1.69434	82.5	5101.83229	31.15257	3.33808E-4	9.56153E-4	9.18641E-4
38213.66712	-4.77791	1.69462	82.5	5103.00933	34.04423	3.36455E-4	-4.68104E-4	6.81231E-4
41813.49191	-4.76378	1.69502	82.5	5104.18113	36.88308	3.29431E-4	0.00142	4.60685E-4
45413.26732	-4.6465	1.69537	82.5	5105.34725	39.67395	3.37247E-4	0.00154	7.38949E-4
49013.20105	-5.08918	1.69573	82.5	5106.49906	42.46135	3.30999E-4	1.63178E-4	0.0011
2264.84839	-4.36135	1.68901	85	5090.5481	4.48071	3.44174E-4	0.00109	0.00172
5864.79694	-4.4759	1.68919	85	5092.03908	8.10862	4.37237E-4	2.53639E-4	0.00108
9464.72103	-4.56614	1.68957	85	5093.4134	11.23713	3.29631E-4	0.00173	3.20464E-4
13064.75013	-5.00997	1.68983	85	5094.66619	14.14599	2.86271E-4	9.64776E-4	0.002
16664.56019	-4.80182	1.69026	85	5095.87292	16.99422	3.21849E-4	0.00152	9.12523E-4
20264.36548	-4.52091	1.69054	85	5097.07011	19.8406	3.46228E-4	0.00138	4.47388E-4
23864.26019	-4.70339	1.69088	85	5098.27372	22.70515	3.57439E-4	-0.00759	1.22949E-4
27464.20771	-5.00133	1.69136	85	5099.4747	25.59443	3.55373E-4	0.00297	6.29658E-4
31064.06374	-4.98269	1.69162	85	5100.66605	28.49841	3.04181E-4	-0.00515	0.00106
34663.81599	-4.76776	1.6921	85	5101.84864	31.08884	3.36087E-4	0.0011	9.71872E-4
38263.67818	-4.79804	1.69234	85	5103.02566	34.07358	3.41773E-4	-0.00112	7.69019E-4
41863.50688	-4.80735	1.69269	85	5104.19741	36.92669	3.61333E-4	5.21161E-4	1.17659E-4
45463.26315	-4.63788	1.69316	85	5105.36344	39.70557	3.42088E-4	-7.91798E-4	8.86462E-4
49063.22664	-5.1342	1.69334	85	5106.51502	42.49573	3.2943E-4	1.10323E-4	8.33911E-4
2314.84557	-4.35136	1.68653	87.5	5090.56587	4.53271	3.57683E-4	0.00111	0.00152
5914.80559	-4.49909	1.68668	87.5	5092.05966	8.14241	4.21458E-4	6.42075E-4	7.20886E-4
9514.72747	-4.60305	1.68706	87.5	5093.43122	11.27608	3.48244E-4	0.00124	9.44372E-4
13114.77454	-5.09651	1.68734	87.5	5094.68332	14.18818	3.31385E-4	4.46302E-4	0.00104
16714.56917	-4.83901	1.68775	87.5	5095.88968	17.03742	3.13786E-4	9.34545E-4	8.16277E-4
20314.37368	-4.58532	1.68805	87.5	5097.08675	19.87261	3.30878E-4	2.5431E-5	4.53897E-4
23914.27558	-4.74999	1.6884	87.5	5098.29056	22.74228	3.45168E-4	-0.00473	1.18517E-4
27514.22751	-5.06092	1.68884	87.5	5099.49125	25.6377	3.56357E-4	0.00269	8.19989E-4
31114.05938	-5.00374	1.68913	87.5	5100.68274	28.50994	3.17188E-4	-0.00112	9.90443E-4
34713.83153	-4.82067	1.68959	87.5	5101.86509	31.19868	3.47244E-4	8.17304E-4	7.91128E-4
38313.68041	-4.82702	1.68984	87.5	5103.0418	34.11851	3.18934E-4	4.21345E-4	7.73705E-4
41913.50734	-4.85546	1.69018	87.5	5104.21357	36.95503	3.33178E-4	6.75883E-4	7.11431E-4
45513.25465	-4.61645	1.69063	87.5	5105.37945	39.74796	3.43772E-4	3.29802E-4	8.56179E-4
49113.20522	-5.06411	1.69086	87.5	5106.53104	42.53579	3.16858E-4	7.13926E-4	9.87484E-4
2364.84277	-4.34136	1.68399	90	5090.58363	4.58471	3.71277E-4	0.00113	0.00132
5964.81425	-4.52228	1.68411	90	5092.08024	8.17615	4.0563E-4	0.00103	3.63327E-4
9564.7339	-4.63998	1.68448	90	5093.44904	11.31503	3.66897E-4	7.363E-4	0.00157
13164.79893	-5.18301	1.6848	90	5094.70046	14.23037	3.76335E-4	-6.96032E-5	8.29136E-5
16764.57814	-4.8762	1.68521	90	5095.90643	17.08063	3.05732E-4	3.44477E-4	7.20207E-4
20364.38188	-4.64981	1.68548	90	5097.10339	19.90462	3.15508E-4	-0.00133	4.60932E-4
23964.29098	-4.79658	1.68583	90	5098.3074	22.77942	3.32894E-4	-0.00187	1.1436E-4
27564.24729	-5.12046	1.68627	90	5099.5078	25.68093	3.57316E-4	0.00242	0.00101
31164.05504	-5.02475	1.68659	90	5100.69943	28.52149	3.3014E-4	0.00291	9.2004E-4
34763.84708	-4.87358	1.68704	90	5101.88153	31.30846	3.58386E-4	5.38894E-4	6.1068E-4
38363.68264	-4.85598	1.68725	90	5103.05793	34.16343	2.96126E-4	0.00196	7.78178E-4
41963.50781	-4.90355	1.6876	90	5104.22973	36.98339	3.05055E-4	8.30345E-4	0.0013
45563.24614	-4.59502	1.68805	90	5105.39546	39.79035	3.45455E-4	0.00145	8.25804E-4
49163.18384	-4.99416	1.68832	90	5106.54707	42.57582	3.04324E-4	0.00132	0.00114